0 0.136364 0.254098 0.112727 0.158470
0 0.107273 0.431694 0.069091 0.087432
0 0.158182 0.120219 0.083636 0.109290
0 0.310909 0.240437 0.120000 0.120219
0 0.229091 0.398907 0.072727 0.098361
0 0.272727 0.505464 0.065455 0.092896
0 0.203636 0.699454 0.072727 0.098361
0 0.276364 0.713115 0.050909 0.092896
0 0.250909 0.860656 0.058182 0.071038
0 0.414545 0.199454 0.072727 0.136612
0 0.438182 0.319672 0.054545 0.114754
0 0.440000 0.554645 0.247273 0.278689
0 0.547273 0.306011 0.141818 0.163934
0 0.540000 0.133880 0.076364 0.092896
0 0.669091 0.142077 0.094545 0.153005
0 0.656364 0.505464 0.141818 0.234973
0 0.830909 0.267760 0.141818 0.240437
0 0.836364 0.581967 0.160000 0.202186
0 0.974545 0.262295 0.050909 0.142077
0 0.696364 0.765027 0.141818 0.163934
0 0.478182 0.808743 0.178182 0.207650
0 0.556364 0.953552 0.065455 0.071038
