0 0.217575 0.408091 0.030704 0.070361
0 0.233986 0.295075 0.033880 0.067722
0 0.232398 0.205805 0.026469 0.045734
0 0.399153 0.350923 0.045527 0.051011
0 0.493647 0.361917 0.047115 0.074758
0 0.417681 0.183817 0.035998 0.058047
0 0.454473 0.234389 0.033351 0.058927
0 0.478560 0.139402 0.043409 0.067722
0 0.546321 0.197889 0.032822 0.052770
0 0.555585 0.069481 0.026998 0.035180
0 0.701959 0.292436 0.040233 0.053650
0 0.655638 0.343448 0.030175 0.041337
0 0.602700 0.521988 0.025940 0.044855
0 0.376125 0.741425 0.034410 0.052770
0 0.309423 0.672823 0.026998 0.022867
0 0.141345 0.750220 0.031763 0.021108
0 0.487560 0.795515 0.035998 0.055409
0 0.625463 0.702287 0.028057 0.060686
0 0.716252 0.666667 0.017999 0.040457
0 0.683960 0.464380 0.026469 0.040457
0 0.742192 0.500000 0.028587 0.032542
0 0.830069 0.447230 0.032822 0.041337
0 0.830334 0.306948 0.013235 0.024626
0 0.767867 0.154793 0.029116 0.051011
0 0.698253 0.162269 0.024352 0.029024
0 0.688724 0.087511 0.039174 0.057168
0 0.897565 0.707564 0.019587 0.041337
0 0.725781 0.866315 0.022234 0.042216
0 0.606670 0.880827 0.029645 0.039578
