0 0.238839 0.386161 0.058036 0.058036
0 0.310268 0.377232 0.058036 0.058036
0 0.305804 0.453125 0.066964 0.075893
0 0.357143 0.526786 0.053571 0.053571
0 0.375000 0.573661 0.053571 0.049107
0 0.339286 0.678571 0.053571 0.044643
0 0.520089 0.502232 0.066964 0.084821
0 0.361607 0.180804 0.107143 0.058036
0 0.493304 0.216518 0.129464 0.075893
0 0.506696 0.283482 0.031250 0.031250
0 0.625000 0.305804 0.053571 0.058036
0 0.712054 0.375000 0.040179 0.044643
0 0.736607 0.433036 0.053571 0.044643
0 0.665179 0.535714 0.044643 0.053571
0 0.642857 0.466518 0.071429 0.075893
0 0.852679 0.723214 0.053571 0.062500
