0 0.174107 0.212054 0.125000 0.138393
0 0.198661 0.354911 0.066964 0.102679
0 0.274554 0.332589 0.058036 0.138393
0 0.294643 0.198661 0.044643 0.058036
0 0.379464 0.069196 0.062500 0.066964
0 0.381696 0.225446 0.049107 0.075893
0 0.455357 0.252232 0.044643 0.066964
0 0.551339 0.225446 0.058036 0.049107
0 0.622768 0.084821 0.058036 0.053571
0 0.325893 0.491071 0.089286 0.080357
0 0.250000 0.426339 0.035714 0.040179
0 0.198661 0.444196 0.031250 0.040179
0 0.196429 0.508929 0.035714 0.062500
0 0.238839 0.584821 0.058036 0.053571
0 0.502232 0.468750 0.049107 0.071429
0 0.602679 0.453125 0.080357 0.084821
0 0.729911 0.319196 0.031250 0.040179
0 0.837054 0.261161 0.049107 0.049107
0 0.754464 0.544643 0.116071 0.116071
0 0.917411 0.607143 0.102679 0.178571
0 0.926339 0.424107 0.049107 0.062500
0 0.622768 0.578125 0.075893 0.066964
0 0.669643 0.703125 0.116071 0.102679
0 0.609375 0.908482 0.120536 0.093750
0 0.933036 0.821429 0.125000 0.187500
