0 0.504464 0.102679 0.053571 0.071429
0 0.546875 0.212054 0.075893 0.093750
0 0.589286 0.127232 0.071429 0.084821
0 0.770089 0.578125 0.093750 0.066964
0 0.669643 0.133929 0.044643 0.062500
0 0.607143 0.395089 0.071429 0.075893
0 0.450893 0.296875 0.062500 0.111607
0 0.160714 0.642857 0.071429 0.080357
0 0.104911 0.756696 0.075893 0.102679
0 0.448661 0.785714 0.084821 0.071429
0 0.361607 0.881696 0.089286 0.075893
0 0.616071 0.895089 0.071429 0.102679
0 0.609375 0.754464 0.102679 0.089286
0 0.814732 0.754464 0.093750 0.098214
0 0.897321 0.921875 0.080357 0.111607
