0 0.059167 0.224800 0.056667 0.113600
0 0.099167 0.354400 0.040000 0.049600
0 0.063750 0.500000 0.042500 0.078400
0 0.063333 0.652800 0.033333 0.051200
0 0.168750 0.584800 0.049167 0.075200
0 0.129583 0.550400 0.030833 0.064000
0 0.190417 0.522400 0.032500 0.062400
0 0.132917 0.474400 0.037500 0.065600
0 0.173750 0.460000 0.042500 0.049600
0 0.237500 0.472000 0.030000 0.041600
0 0.238750 0.589600 0.029167 0.072000
0 0.211667 0.891200 0.035000 0.073600
0 0.265417 0.876000 0.032500 0.075200
0 0.272500 0.959200 0.038333 0.062400
0 0.508750 0.571200 0.039167 0.064000
0 0.520000 0.936800 0.083333 0.126400
0 0.455417 0.562400 0.037500 0.068800
0 0.417083 0.519200 0.022500 0.049600
0 0.392500 0.514400 0.033333 0.052800
0 0.396250 0.418400 0.032500 0.062400
0 0.363750 0.398400 0.025833 0.073600
0 0.344583 0.447200 0.019167 0.059200
0 0.347500 0.293600 0.035000 0.097600
0 0.378750 0.320000 0.020833 0.041600
0 0.401250 0.304000 0.022500 0.051200
0 0.380833 0.189600 0.041667 0.084800
0 0.364583 0.081600 0.047500 0.134400
0 0.423750 0.184000 0.024167 0.054400
0 0.473333 0.156800 0.071667 0.124800
0 0.446250 0.273600 0.052500 0.080000
0 0.436250 0.348000 0.057500 0.065600
0 0.526667 0.460800 0.023333 0.064000
0 0.477083 0.449600 0.030833 0.041600
0 0.430000 0.400800 0.018333 0.040000
0 0.480000 0.389600 0.030000 0.056000
0 0.519583 0.308000 0.039167 0.091200
0 0.520000 0.228000 0.025000 0.052800
0 0.487500 0.239200 0.026667 0.059200
0 0.560833 0.327200 0.040000 0.120000
0 0.604167 0.287200 0.031667 0.062400
0 0.592500 0.189600 0.105000 0.107200
0 0.621667 0.492000 0.035000 0.059200
0 0.570417 0.561600 0.035833 0.067200
0 0.770833 0.473600 0.118333 0.249600
0 0.933333 0.200000 0.083333 0.150400
0 0.817917 0.256000 0.049167 0.105600
0 0.910000 0.942400 0.058333 0.112000
0 0.312083 0.153600 0.050833 0.073600
0 0.552917 0.076800 0.075833 0.105600
