0 0.095556 0.382222 0.084444 0.080000
0 0.048889 0.462222 0.062222 0.071111
0 0.073333 0.608889 0.048889 0.053333
0 0.411111 0.435556 0.048889 0.053333
0 0.524444 0.437778 0.071111 0.057778
0 0.548889 0.393333 0.048889 0.048889
0 0.617778 0.460000 0.044444 0.048889
0 0.606667 0.513333 0.057778 0.075556
0 0.464444 0.320000 0.057778 0.071111
0 0.666667 0.326667 0.044444 0.057778
0 0.524444 0.282222 0.062222 0.066667
0 0.711111 0.086667 0.062222 0.111111
0 0.624444 0.126667 0.084444 0.137778
0 0.695556 0.233333 0.031111 0.093333
0 0.677778 0.542222 0.040000 0.080000
