0 0.433752 0.606475 0.033849 0.038849
0 0.382012 0.522302 0.046422 0.051799
0 0.299323 0.529496 0.033849 0.034532
0 0.282398 0.581295 0.040619 0.037410
0 0.200677 0.620144 0.026112 0.037410
0 0.338008 0.651799 0.035783 0.054676
0 0.425532 0.681295 0.048356 0.073381
0 0.331721 0.756115 0.058027 0.064748
0 0.234526 0.941727 0.066731 0.070504
0 0.289652 0.856835 0.074468 0.073381
0 0.376209 0.845324 0.065764 0.070504
0 0.414410 0.789209 0.022244 0.033094
0 0.473888 0.817986 0.059961 0.067626
0 0.357834 0.973381 0.046422 0.047482
0 0.325435 0.901439 0.028046 0.041727
