0 0.491071 0.060268 0.053571 0.084821
0 0.573661 0.062500 0.075893 0.098214
0 0.665179 0.053571 0.071429 0.080357
0 0.770089 0.062500 0.102679 0.089286
0 0.714286 0.145089 0.133929 0.102679
0 0.314732 0.243304 0.075893 0.102679
0 0.571429 0.174107 0.125000 0.098214
0 0.877232 0.078125 0.066964 0.075893
0 0.859375 0.176339 0.138393 0.093750
0 0.696429 0.256696 0.062500 0.075893
0 0.591518 0.279018 0.129464 0.084821
0 0.883929 0.281250 0.187500 0.071429
0 0.743304 0.343750 0.084821 0.071429
0 0.649554 0.404018 0.111607 0.102679
0 0.841518 0.424107 0.084821 0.116071
0 0.941964 0.401786 0.089286 0.125000
0 0.752232 0.455357 0.084821 0.125000
0 0.647321 0.531250 0.098214 0.125000
0 0.770089 0.564732 0.120536 0.066964
0 0.926339 0.535714 0.120536 0.089286
0 0.881696 0.678571 0.165179 0.151786
0 0.707589 0.700893 0.165179 0.178571
0 0.906250 0.834821 0.187500 0.125000
0 0.725446 0.899554 0.165179 0.183036
0 0.488839 0.368304 0.147321 0.093750
0 0.457589 0.466518 0.174107 0.093750
0 0.459821 0.542411 0.098214 0.031250
0 0.316964 0.477679 0.116071 0.241071
0 0.136161 0.638393 0.031250 0.053571
0 0.100446 0.578125 0.066964 0.049107
0 0.238839 0.620536 0.058036 0.053571
0 0.285714 0.774554 0.062500 0.058036
0 0.417411 0.756696 0.066964 0.165179
0 0.486607 0.792411 0.044643 0.058036
0 0.531250 0.696429 0.053571 0.053571
