0 0.196429 0.404018 0.098214 0.075893
0 0.104911 0.500000 0.075893 0.044643
0 0.357143 0.482143 0.169643 0.241071
0 0.500000 0.323661 0.098214 0.093750
0 0.272321 0.223214 0.125000 0.133929
0 0.459821 0.174107 0.098214 0.080357
0 0.714286 0.294643 0.080357 0.089286
0 0.620536 0.683036 0.080357 0.089286
0 0.462054 0.696429 0.084821 0.062500
0 0.363839 0.734375 0.084821 0.066964
0 0.274554 0.660714 0.102679 0.062500
0 0.765625 0.506696 0.084821 0.129464
0 0.540179 0.763393 0.098214 0.071429
0 0.578125 0.852679 0.075893 0.071429
0 0.696429 0.915179 0.098214 0.107143
0 0.812500 0.696429 0.071429 0.071429
0 0.712054 0.709821 0.058036 0.053571
0 0.542411 0.600446 0.058036 0.058036
