0 0.126623 0.431871 0.089610 0.120092
0 0.212338 0.329099 0.053247 0.113164
0 0.270779 0.302540 0.045455 0.069284
0 0.254545 0.505774 0.062338 0.110855
0 0.111039 0.614319 0.055844 0.115473
0 0.141558 0.793303 0.041558 0.066975
0 0.297403 0.906467 0.070130 0.103926
0 0.329870 0.454965 0.064935 0.096998
0 0.392857 0.533487 0.076623 0.115473
0 0.359091 0.667436 0.074026 0.110855
0 0.277273 0.646651 0.055844 0.060046
0 0.533117 0.339492 0.050649 0.101617
0 0.708442 0.363741 0.048052 0.113164
0 0.694805 0.192841 0.090909 0.122402
0 0.780519 0.176674 0.059740 0.117783
0 0.851948 0.159353 0.059740 0.120092
