0 0.319196 0.102679 0.058036 0.053571
0 0.241071 0.095982 0.062500 0.075893
0 0.890625 0.564732 0.138393 0.174107
0 0.446429 0.417411 0.151786 0.218750
0 0.223214 0.272321 0.267857 0.160714
0 0.140625 0.504464 0.156250 0.187500
0 0.109375 0.687500 0.120536 0.151786
0 0.035714 0.897321 0.062500 0.142857
0 0.158482 0.921875 0.165179 0.156250
0 0.310268 0.734375 0.102679 0.129464
0 0.410714 0.839286 0.089286 0.250000
0 0.258929 0.609375 0.107143 0.138393
0 0.627232 0.136161 0.084821 0.111607
0 0.814732 0.821429 0.075893 0.151786
0 0.937500 0.821429 0.125000 0.214286
