0 0.826087 0.223618 0.276215 0.206030
0 0.085678 0.105528 0.069054 0.120603
0 0.185422 0.120603 0.104859 0.080402
0 0.066496 0.253769 0.061381 0.160804
0 0.159847 0.221106 0.104859 0.090452
0 0.273657 0.204774 0.097187 0.092965
0 0.363171 0.134422 0.153453 0.168342
0 0.216113 0.305276 0.048593 0.047739
0 0.268542 0.311558 0.040921 0.045226
0 0.245524 0.376884 0.035806 0.035176
0 0.187980 0.373116 0.038363 0.052764
0 0.149616 0.855528 0.171355 0.153266
0 0.355499 0.689698 0.097187 0.092965
0 0.645780 0.610553 0.038363 0.050251
0 0.719949 0.596734 0.043478 0.037688
0 0.713555 0.643216 0.051151 0.055276
0 0.765985 0.668342 0.063939 0.045226
0 0.781330 0.628141 0.033248 0.030151
0 0.764706 0.584171 0.051151 0.027638
0 0.835038 0.596734 0.028133 0.027638
0 0.806905 0.831658 0.043478 0.050251
0 0.878517 0.908291 0.063939 0.082915
