0 0.400322 0.222222 0.035370 0.061728
0 0.416399 0.262346 0.048232 0.055556
0 0.334405 0.629630 0.025723 0.049383
0 0.313505 0.682099 0.035370 0.055556
0 0.355305 0.703704 0.028939 0.061728
0 0.408360 0.660494 0.025723 0.061728
0 0.393891 0.743827 0.028939 0.055556
0 0.361736 0.802469 0.028939 0.061728
0 0.390675 0.820988 0.022508 0.074074
0 0.268489 0.966049 0.035370 0.067901
0 0.323151 0.975309 0.035370 0.049383
0 0.262058 0.540123 0.028939 0.055556
0 0.299035 0.305556 0.032154 0.055556
0 0.276527 0.219136 0.025723 0.055556
0 0.315113 0.179012 0.032154 0.086420
0 0.360129 0.206790 0.025723 0.055556
0 0.366559 0.271605 0.019293 0.049383
0 0.379421 0.333333 0.025723 0.061728
0 0.392283 0.416667 0.025723 0.055556
0 0.602894 0.777778 0.041801 0.074074
0 0.633441 0.910494 0.038585 0.067901
0 0.479100 0.851852 0.032154 0.061728
0 0.477492 0.719136 0.022508 0.043210
0 0.581994 0.444444 0.032154 0.074074
0 0.541801 0.509259 0.028939 0.055556
0 0.435691 0.518519 0.054662 0.086420
