0 0.290179 0.482143 0.035714 0.035714
0 0.267857 0.526786 0.035714 0.026786
0 0.281250 0.566964 0.026786 0.017857
0 0.441964 0.484375 0.035714 0.040179
0 0.404018 0.426339 0.058036 0.040179
0 0.341518 0.573661 0.058036 0.040179
0 0.375000 0.544643 0.044643 0.053571
0 0.191964 0.542411 0.053571 0.066964
0 0.330357 0.629464 0.053571 0.044643
0 0.258929 0.631696 0.026786 0.022321
0 0.227679 0.645089 0.026786 0.022321
0 0.421875 0.584821 0.031250 0.026786
0 0.500000 0.522321 0.017857 0.026786
0 0.488839 0.549107 0.040179 0.017857
0 0.515625 0.569196 0.031250 0.031250
0 0.401786 0.250000 0.053571 0.053571
0 0.316964 0.247768 0.089286 0.066964
0 0.446429 0.089286 0.026786 0.026786
0 0.383929 0.089286 0.026786 0.026786
0 0.546875 0.466518 0.031250 0.022321
0 0.484375 0.399554 0.058036 0.040179
0 0.276786 0.408482 0.071429 0.058036
0 0.203125 0.462054 0.049107 0.031250
0 0.125000 0.450893 0.053571 0.044643
0 0.645089 0.517857 0.040179 0.026786
0 0.604911 0.566964 0.040179 0.053571
0 0.575893 0.647321 0.053571 0.071429
0 0.473214 0.676339 0.062500 0.058036
0 0.296875 0.725446 0.049107 0.058036
0 0.526786 0.774554 0.071429 0.058036
0 0.640625 0.654018 0.040179 0.040179
0 0.709821 0.716518 0.044643 0.058036
0 0.667411 0.875000 0.120536 0.035714
0 0.325893 0.939732 0.089286 0.075893
0 0.238839 0.872768 0.084821 0.049107
0 0.107143 0.892857 0.071429 0.071429
