0 0.511161 0.506696 0.066964 0.102679
0 0.276786 0.589286 0.071429 0.062500
0 0.363839 0.685268 0.075893 0.075893
0 0.281250 0.767857 0.107143 0.089286
0 0.196429 0.705357 0.071429 0.080357
0 0.236607 0.316964 0.142857 0.116071
0 0.093750 0.466518 0.142857 0.218750
0 0.109375 0.743304 0.075893 0.111607
0 0.046875 0.229911 0.084821 0.102679
0 0.203125 0.174107 0.084821 0.071429
0 0.828125 0.247768 0.129464 0.156250
0 0.828125 0.546875 0.236607 0.120536
0 0.466518 0.292411 0.066964 0.049107
0 0.263393 0.098214 0.080357 0.107143
0 0.752232 0.100446 0.102679 0.120536
