0 0.069861 0.276923 0.031178 0.053846
0 0.043880 0.210577 0.034642 0.048077
0 0.088915 0.053846 0.030023 0.042308
0 0.135104 0.041346 0.018476 0.028846
0 0.194573 0.051923 0.026559 0.046154
0 0.195727 0.163462 0.031178 0.042308
0 0.193418 0.940385 0.049654 0.088462
0 0.392610 0.815385 0.048499 0.084615
0 0.614319 0.846154 0.062356 0.084615
0 0.309469 0.143269 0.036952 0.040385
0 0.412240 0.061538 0.039261 0.053846
0 0.342379 0.226923 0.021940 0.038462
0 0.325058 0.267308 0.024249 0.046154
0 0.366628 0.244231 0.015012 0.023077
0 0.162240 0.387500 0.026559 0.040385
0 0.022517 0.424038 0.024249 0.048077
0 0.659353 0.147115 0.025404 0.044231
0 0.930716 0.379808 0.053118 0.082692
