0 0.513393 0.383929 0.098214 0.089286
0 0.397321 0.415179 0.107143 0.062500
0 0.095982 0.345982 0.147321 0.129464
0 0.093750 0.167411 0.089286 0.120536
0 0.209821 0.111607 0.107143 0.142857
0 0.328125 0.165179 0.093750 0.133929
0 0.223214 0.332589 0.080357 0.138393
0 0.319196 0.299107 0.066964 0.062500
0 0.493304 0.263393 0.120536 0.116071
0 0.723214 0.390625 0.125000 0.129464
0 0.609375 0.448661 0.084821 0.075893
0 0.616071 0.573661 0.080357 0.102679
0 0.689732 0.723214 0.111607 0.142857
0 0.707589 0.883929 0.129464 0.133929
0 0.810268 0.566964 0.174107 0.151786
