0 0.506803 0.475225 0.068027 0.112613
0 0.329932 0.477477 0.095238 0.099099
0 0.214286 0.391892 0.115646 0.126126
0 0.176871 0.200450 0.122449 0.157658
0 0.294218 0.200450 0.037415 0.049550
0 0.267007 0.299550 0.037415 0.040541
0 0.386054 0.225225 0.064626 0.081081
0 0.464286 0.252252 0.057823 0.081081
0 0.549320 0.222973 0.051020 0.076577
0 0.377551 0.058559 0.061224 0.054054
0 0.617347 0.078829 0.064626 0.058559
0 0.722789 0.310811 0.057823 0.081081
0 0.598639 0.452703 0.061224 0.076577
0 0.200680 0.511261 0.040816 0.040541
0 0.232993 0.585586 0.037415 0.045045
0 0.744898 0.513514 0.088435 0.171171
0 0.620748 0.585586 0.044218 0.063063
0 0.663265 0.704955 0.095238 0.103604
0 0.911565 0.617117 0.115646 0.198198
0 0.828231 0.259009 0.078231 0.103604
0 0.928571 0.299550 0.047619 0.076577
0 0.937075 0.418919 0.037415 0.063063
0 0.942177 0.815315 0.108844 0.189189
0 0.632653 0.887387 0.054422 0.072072
0 0.579932 0.914414 0.037415 0.054054
0 0.289116 0.650901 0.040816 0.049550
