0 0.055804 0.455357 0.102679 0.160714
0 0.205357 0.408482 0.133929 0.102679
0 0.323661 0.575893 0.129464 0.178571
0 0.549107 0.506696 0.044643 0.040179
0 0.665179 0.495536 0.089286 0.080357
0 0.792411 0.542411 0.058036 0.093750
0 0.683036 0.316964 0.107143 0.098214
0 0.234375 0.254464 0.165179 0.071429
0 0.325893 0.361607 0.071429 0.053571
0 0.274554 0.767857 0.084821 0.151786
0 0.404018 0.767857 0.040179 0.053571
0 0.560268 0.694196 0.075893 0.066964
0 0.970982 0.600446 0.058036 0.084821
0 0.888393 0.424107 0.214286 0.125000
