0 0.158333 0.336310 0.030000 0.053571
0 0.118333 0.622024 0.023333 0.041667
0 0.170000 0.598214 0.020000 0.041667
0 0.175000 0.690476 0.030000 0.035714
0 0.121667 0.785714 0.023333 0.035714
0 0.135000 0.821429 0.016667 0.035714
0 0.120000 0.419643 0.020000 0.041667
0 0.096667 0.392857 0.013333 0.035714
0 0.043333 0.125000 0.020000 0.035714
0 0.390000 0.267857 0.020000 0.035714
0 0.350000 0.264881 0.013333 0.041667
0 0.328333 0.434524 0.036667 0.047619
0 0.270000 0.630952 0.026667 0.047619
0 0.213333 0.654762 0.020000 0.035714
0 0.175000 0.824405 0.023333 0.041667
0 0.221667 0.836310 0.023333 0.053571
0 0.296667 0.809524 0.026667 0.059524
0 0.340000 0.791667 0.033333 0.047619
0 0.416667 0.508929 0.026667 0.065476
0 0.401667 0.425595 0.023333 0.053571
0 0.390000 0.377976 0.020000 0.053571
0 0.438333 0.330357 0.023333 0.041667
0 0.596667 0.735119 0.026667 0.053571
0 0.593333 0.559524 0.026667 0.035714
0 0.593333 0.482143 0.026667 0.047619
0 0.488333 0.300595 0.016667 0.041667
