0 0.323611 0.289039 0.036111 0.049550
0 0.407407 0.753754 0.042593 0.108108
0 0.567593 0.684685 0.033333 0.048048
0 0.602315 0.674174 0.030556 0.045045
0 0.547222 0.759760 0.029630 0.033033
0 0.626852 0.943694 0.050000 0.067568
0 0.272222 0.925676 0.027778 0.037538
0 0.364815 0.519520 0.029630 0.045045
0 0.368056 0.592342 0.032407 0.040541
0 0.368056 0.650150 0.025000 0.036036
0 0.453704 0.648649 0.025926 0.039039
0 0.488426 0.322072 0.052778 0.106607
0 0.616667 0.121622 0.033333 0.051051
0 0.871296 0.117117 0.037037 0.081081
0 0.643056 0.319820 0.021296 0.087087
0 0.232870 0.111111 0.023148 0.045045
0 0.241667 0.362613 0.092593 0.100601
0 0.413889 0.388138 0.044444 0.073574
0 0.227778 0.816817 0.048148 0.072072
0 0.474074 0.801051 0.053704 0.127628
