0 0.086817 0.493827 0.038585 0.098765
0 0.130225 0.472222 0.048232 0.104938
0 0.204180 0.361111 0.067524 0.129630
0 0.266881 0.333333 0.038585 0.074074
0 0.249196 0.567901 0.061093 0.111111
0 0.096463 0.679012 0.057878 0.111111
0 0.324759 0.509259 0.057878 0.129630
0 0.387460 0.598765 0.073955 0.160494
0 0.352090 0.740741 0.067524 0.123457
0 0.270096 0.725309 0.057878 0.104938
0 0.225080 0.728395 0.057878 0.098765
0 0.389068 0.314815 0.045016 0.074074
0 0.538585 0.382716 0.048232 0.074074
0 0.713826 0.422840 0.070740 0.129630
0 0.696141 0.216049 0.061093 0.111111
0 0.787781 0.203704 0.057878 0.123457
0 0.863344 0.151235 0.067524 0.141975
