0 0.167343 0.452153 0.040568 0.062201
0 0.287018 0.319976 0.042596 0.063397
0 0.396552 0.355263 0.042596 0.050239
0 0.446247 0.474282 0.044625 0.056220
0 0.197262 0.616627 0.037525 0.037081
0 0.361055 0.683014 0.044625 0.076555
0 0.137931 0.845694 0.058824 0.052632
0 0.200304 0.961124 0.053753 0.058612
0 0.396045 0.879785 0.055781 0.056220
0 0.677485 0.912081 0.042596 0.053828
0 0.842292 0.823565 0.037525 0.044258
0 0.729209 0.672847 0.054767 0.058612
0 0.630325 0.711124 0.043611 0.044258
0 0.600913 0.597488 0.045639 0.044258
