0 0.133929 0.377232 0.125000 0.120536
0 0.109375 0.558036 0.165179 0.214286
0 0.310268 0.433036 0.075893 0.107143
0 0.243304 0.312500 0.066964 0.089286
0 0.314732 0.294643 0.075893 0.089286
0 0.169643 0.160714 0.223214 0.205357
0 0.426339 0.408482 0.075893 0.111607
0 0.535714 0.383929 0.071429 0.071429
0 0.495536 0.205357 0.250000 0.196429
0 0.232143 0.587054 0.089286 0.075893
0 0.214286 0.725446 0.071429 0.084821
0 0.348214 0.738839 0.089286 0.120536
0 0.160714 0.939732 0.080357 0.084821
0 0.475446 0.720982 0.120536 0.093750
0 0.537946 0.526786 0.111607 0.187500
0 0.709821 0.381696 0.089286 0.120536
0 0.727679 0.174107 0.107143 0.160714
