0 0.627917 0.513333 0.050833 0.108148
0 0.679583 0.457778 0.030833 0.080000
0 0.691667 0.311852 0.030000 0.057778
0 0.739167 0.217037 0.046667 0.087407
0 0.790833 0.125926 0.041667 0.071111
0 0.790833 0.247407 0.033333 0.059259
0 0.544167 0.662222 0.043333 0.068148
0 0.482083 0.783704 0.049167 0.047407
0 0.457083 0.922222 0.057500 0.054815
0 0.552917 0.862963 0.032500 0.045926
0 0.896250 0.757037 0.052500 0.109630
0 0.988750 0.686667 0.022500 0.069630
0 0.735833 0.628889 0.030000 0.042963
0 0.712917 0.805185 0.029167 0.045926
