0 0.194196 0.247768 0.183036 0.120536
0 0.419643 0.232143 0.160714 0.160714
0 0.058036 0.142857 0.089286 0.169643
0 0.046875 0.312500 0.084821 0.098214
0 0.111607 0.404018 0.214286 0.120536
0 0.357143 0.404018 0.232143 0.209821
0 0.167411 0.555804 0.191964 0.138393
0 0.620536 0.136161 0.196429 0.191964
0 0.723214 0.296875 0.116071 0.120536
0 0.917411 0.290179 0.165179 0.125000
0 0.904018 0.500000 0.165179 0.241071
0 0.714286 0.491071 0.187500 0.116071
0 0.602679 0.466518 0.250000 0.165179
0 0.392857 0.727679 0.196429 0.160714
0 0.625000 0.680804 0.151786 0.183036
0 0.794643 0.816964 0.151786 0.116071
0 0.950893 0.901786 0.098214 0.116071
