0 0.149554 0.147321 0.147321 0.151786
0 0.312500 0.127232 0.151786 0.174107
0 0.091518 0.328125 0.129464 0.120536
0 0.037946 0.220982 0.066964 0.111607
0 0.479911 0.069196 0.102679 0.129464
0 0.272321 0.337054 0.169643 0.209821
0 0.109375 0.506696 0.084821 0.147321
0 0.026786 0.604911 0.044643 0.066964
0 0.419643 0.430804 0.178571 0.183036
0 0.533482 0.205357 0.102679 0.142857
0 0.714286 0.162946 0.223214 0.227679
0 0.779018 0.312500 0.049107 0.125000
0 0.828125 0.296875 0.049107 0.093750
0 0.680804 0.379464 0.111607 0.133929
0 0.564732 0.419643 0.066964 0.080357
0 0.680804 0.500000 0.156250 0.125000
0 0.502232 0.600446 0.075893 0.111607
0 0.446429 0.698661 0.089286 0.075893
0 0.290179 0.736607 0.151786 0.098214
0 0.745536 0.703125 0.080357 0.084821
0 0.593750 0.805804 0.160714 0.102679
0 0.696429 0.908482 0.089286 0.093750
0 0.850446 0.716518 0.066964 0.120536
0 0.821429 0.915179 0.062500 0.089286
0 0.839286 0.421875 0.080357 0.129464
0 0.939732 0.225446 0.120536 0.120536
0 0.935268 0.421875 0.093750 0.147321
