0 0.375000 0.359060 0.047436 0.069351
0 0.391667 0.589485 0.029487 0.055928
0 0.455128 0.591723 0.048718 0.082774
0 0.357692 0.791946 0.038462 0.044743
0 0.558974 0.675615 0.048718 0.102908
0 0.575641 0.313199 0.030769 0.067114
0 0.607692 0.163311 0.051282 0.080537
0 0.614744 0.595078 0.026923 0.053691
0 0.624359 0.719239 0.023077 0.046980
0 0.496154 0.879195 0.051282 0.076063
0 0.443590 0.785235 0.030769 0.053691
0 0.385256 0.734899 0.032051 0.042506
0 0.533974 0.940716 0.032051 0.051454
0 0.592949 0.907159 0.032051 0.078300
0 0.698077 0.657718 0.037179 0.058166
0 0.798718 0.609620 0.046154 0.123043
0 0.885897 0.489933 0.066667 0.071588
0 0.760256 0.177852 0.051282 0.096197
