0 0.131696 0.145089 0.049107 0.058036
0 0.375000 0.060268 0.053571 0.049107
0 0.379464 0.236607 0.071429 0.071429
0 0.196429 0.218750 0.098214 0.125000
0 0.205357 0.366071 0.071429 0.098214
0 0.229911 0.428571 0.075893 0.080357
0 0.328125 0.495536 0.093750 0.098214
0 0.198661 0.513393 0.040179 0.035714
0 0.495536 0.473214 0.089286 0.062500
0 0.462054 0.261161 0.066964 0.075893
0 0.553571 0.225446 0.044643 0.049107
0 0.616071 0.078125 0.080357 0.058036
0 0.604911 0.439732 0.066964 0.093750
0 0.727679 0.314732 0.062500 0.066964
0 0.299107 0.660714 0.053571 0.044643
0 0.609375 0.575893 0.066964 0.062500
0 0.738839 0.535714 0.111607 0.133929
0 0.843750 0.270089 0.062500 0.066964
0 0.926339 0.294643 0.058036 0.062500
0 0.941964 0.428571 0.071429 0.071429
0 0.924107 0.616071 0.107143 0.187500
0 0.939732 0.812500 0.120536 0.169643
