0 0.303571 0.468750 0.169643 0.098214
0 0.089286 0.620536 0.044643 0.044643
0 0.131696 0.676339 0.058036 0.040179
0 0.381696 0.377232 0.066964 0.066964
0 0.546875 0.274554 0.084821 0.102679
0 0.441964 0.305804 0.062500 0.075893
0 0.618304 0.390625 0.075893 0.111607
0 0.500000 0.437500 0.116071 0.080357
0 0.712054 0.383929 0.058036 0.071429
0 0.660714 0.283482 0.089286 0.129464
0 0.562500 0.593750 0.125000 0.089286
0 0.325893 0.714286 0.080357 0.053571
0 0.301339 0.819196 0.075893 0.102679
0 0.421875 0.627232 0.111607 0.075893
0 0.687500 0.638393 0.080357 0.125000
