0 0.221600 0.292631 0.063200 0.135810
0 0.131200 0.353228 0.046400 0.059683
0 0.126200 0.460414 0.054800 0.058465
0 0.065600 0.508526 0.077600 0.060901
0 0.340200 0.398599 0.177200 0.230816
0 0.390800 0.066382 0.087200 0.051157
0 0.476600 0.233861 0.031600 0.076736
0 0.474800 0.412302 0.057600 0.109622
0 0.319600 0.700974 0.060000 0.160780
0 0.369000 0.685749 0.062000 0.146163
0 0.550600 0.614495 0.030800 0.114495
0 0.677800 0.507917 0.076400 0.222899
0 0.669200 0.773752 0.086400 0.252741
0 0.769800 0.448843 0.050800 0.152253
0 0.855200 0.362058 0.092800 0.124848
