0 0.654018 0.526786 0.049107 0.062500
0 0.535714 0.430804 0.062500 0.058036
0 0.562500 0.381696 0.053571 0.058036
0 0.390625 0.281250 0.049107 0.071429
0 0.187500 0.540179 0.044643 0.071429
0 0.256696 0.517857 0.049107 0.071429
0 0.263393 0.595982 0.044643 0.058036
0 0.303571 0.520089 0.044643 0.066964
0 0.437500 0.506696 0.053571 0.058036
0 0.747768 0.627232 0.058036 0.075893
0 0.678571 0.698661 0.053571 0.058036
0 0.470982 0.821429 0.049107 0.062500
0 0.381696 0.734375 0.066964 0.084821
0 0.475446 0.654018 0.058036 0.058036
0 0.475446 0.611607 0.049107 0.035714
0 0.207589 0.709821 0.058036 0.053571
0 0.310268 0.392857 0.040179 0.044643
0 0.180804 0.406250 0.049107 0.053571
0 0.832589 0.555804 0.058036 0.040179
0 0.854911 0.502232 0.058036 0.066964
0 0.741071 0.466518 0.089286 0.075893
0 0.658482 0.285714 0.058036 0.080357
0 0.437500 0.292411 0.035714 0.049107
0 0.877232 0.410714 0.049107 0.062500
0 0.727679 0.392857 0.053571 0.053571
0 0.843750 0.314732 0.151786 0.111607
0 0.939732 0.258929 0.040179 0.053571
0 0.863839 0.191964 0.031250 0.035714
0 0.803571 0.191964 0.053571 0.071429
0 0.921875 0.613839 0.031250 0.040179
0 0.872768 0.627232 0.049107 0.058036
0 0.982143 0.531250 0.035714 0.071429
0 0.732143 0.296875 0.080357 0.129464
0 0.698661 0.131696 0.093750 0.102679
