0 0.191964 0.116071 0.035714 0.044643
0 0.261161 0.118304 0.084821 0.111607
0 0.345982 0.089286 0.058036 0.133929
0 0.388393 0.180804 0.044643 0.075893
0 0.502232 0.075893 0.058036 0.044643
0 0.453125 0.129464 0.040179 0.044643
0 0.466518 0.207589 0.066964 0.066964
0 0.573661 0.178571 0.102679 0.107143
0 0.142857 0.504464 0.071429 0.044643
0 0.165179 0.569196 0.044643 0.031250
0 0.243304 0.602679 0.058036 0.044643
0 0.158482 0.718750 0.066964 0.044643
0 0.301339 0.616071 0.049107 0.035714
0 0.325893 0.649554 0.062500 0.031250
0 0.448661 0.678571 0.049107 0.044643
0 0.301339 0.504464 0.120536 0.098214
0 0.379464 0.535714 0.044643 0.080357
0 0.453125 0.517857 0.066964 0.071429
0 0.587054 0.511161 0.075893 0.058036
0 0.464286 0.604911 0.133929 0.049107
0 0.595982 0.607143 0.075893 0.071429
0 0.660714 0.537946 0.053571 0.066964
0 0.700893 0.611607 0.071429 0.062500
0 0.685268 0.790179 0.058036 0.071429
0 0.488839 0.926339 0.066964 0.058036
0 0.555804 0.970982 0.066964 0.058036
0 0.662946 0.955357 0.093750 0.071429
0 0.763393 0.537946 0.080357 0.066964
