0 0.257500 0.293333 0.025000 0.041481
0 0.217917 0.362222 0.019167 0.042963
0 0.247500 0.344444 0.023333 0.042963
0 0.192083 0.489630 0.022500 0.031111
0 0.167083 0.571111 0.042500 0.054815
0 0.171667 0.697778 0.021667 0.050370
0 0.304167 0.614074 0.021667 0.051852
0 0.316667 0.705185 0.025000 0.044444
0 0.273333 0.428148 0.028333 0.056296
0 0.272917 0.499259 0.030833 0.044444
0 0.290417 0.351111 0.024167 0.041481
0 0.302917 0.385926 0.030833 0.045926
0 0.329583 0.367407 0.025833 0.041481
0 0.326667 0.448148 0.018333 0.034074
0 0.378333 0.449630 0.033333 0.057778
0 0.513333 0.391111 0.033333 0.059259
0 0.465417 0.469630 0.024167 0.032593
0 0.545417 0.365185 0.032500 0.060741
0 0.574583 0.393333 0.017500 0.028148
0 0.624583 0.314815 0.022500 0.045926
0 0.667083 0.320741 0.030833 0.054815
0 0.643750 0.357037 0.024167 0.032593
0 0.629167 0.411111 0.023333 0.031111
0 0.597917 0.460741 0.022500 0.023704
0 0.564167 0.605926 0.026667 0.035556
0 0.599167 0.550370 0.025000 0.048889
0 0.622917 0.542222 0.024167 0.038519
0 0.631667 0.490370 0.021667 0.041481
0 0.681250 0.493333 0.034167 0.059259
0 0.550417 0.756296 0.022500 0.037037
0 0.617500 0.795556 0.025000 0.035556
0 0.640000 0.705185 0.026667 0.044444
0 0.644583 0.604444 0.035833 0.056296
0 0.708333 0.545926 0.025000 0.045926
0 0.730417 0.512593 0.017500 0.029630
0 0.727083 0.608148 0.024167 0.042963
