0 0.498986 0.355224 0.028398 0.059701
0 0.413793 0.362687 0.028398 0.032836
0 0.220081 0.188060 0.026369 0.023881
0 0.267748 0.143284 0.020284 0.023881
0 0.407708 0.094030 0.032454 0.032836
0 0.374239 0.150746 0.014199 0.026866
0 0.307302 0.205970 0.018256 0.023881
0 0.326572 0.223881 0.016227 0.017910
0 0.229209 0.444776 0.036511 0.065672
0 0.180527 0.437313 0.024341 0.026866
0 0.152130 0.441791 0.016227 0.029851
0 0.250507 0.667164 0.034483 0.050746
0 0.287018 0.734328 0.030426 0.029851
0 0.380325 0.717910 0.022312 0.038806
0 0.385396 0.876119 0.032454 0.038806
0 0.349899 0.938806 0.022312 0.044776
0 0.449290 0.928358 0.034483 0.035821
0 0.182556 0.897015 0.024341 0.026866
0 0.157201 0.774627 0.026369 0.032836
0 0.224138 0.910448 0.026369 0.035821
0 0.418864 0.979104 0.014199 0.029851
0 0.441176 0.710448 0.026369 0.029851
0 0.387424 0.670149 0.024341 0.026866
0 0.573022 0.404478 0.022312 0.038806
0 0.350913 0.340299 0.024341 0.029851
0 0.247465 0.289552 0.028398 0.035821
0 0.147059 0.302985 0.026369 0.032836
0 0.564909 0.191045 0.034483 0.053731
0 0.538540 0.185075 0.018256 0.035821
0 0.501014 0.226866 0.020284 0.023881
0 0.475659 0.213433 0.018256 0.020896
0 0.441176 0.192537 0.030426 0.026866
0 0.402637 0.220896 0.030426 0.041791
0 0.333671 0.144776 0.018256 0.038806
0 0.672414 0.049254 0.022312 0.026866
0 0.614604 0.059701 0.024341 0.041791
0 0.744422 0.129851 0.020284 0.026866
0 0.684584 0.180597 0.022312 0.026866
0 0.676471 0.111940 0.034483 0.044776
0 0.809331 0.044776 0.024341 0.029851
0 0.717039 0.273134 0.014199 0.032836
0 0.706897 0.331343 0.030426 0.035821
0 0.630832 0.340299 0.020284 0.035821
0 0.664300 0.356716 0.026369 0.032836
0 0.448276 0.447761 0.024341 0.029851
0 0.427992 0.474627 0.020284 0.023881
0 0.395538 0.455224 0.020284 0.026866
0 0.373225 0.479104 0.028398 0.038806
0 0.820487 0.177612 0.022312 0.032836
0 0.884381 0.105970 0.024341 0.044776
0 0.845842 0.332836 0.016227 0.026866
0 0.780933 0.368657 0.024341 0.038806
0 0.751521 0.298507 0.022312 0.023881
0 0.740365 0.261194 0.020284 0.026866
0 0.725152 0.522388 0.026369 0.053731
0 0.888438 0.492537 0.024341 0.047761
0 0.802231 0.522388 0.018256 0.035821
0 0.191684 0.498507 0.026369 0.023881
0 0.217039 0.559701 0.044625 0.032836
0 0.147059 0.607463 0.026369 0.026866
0 0.196755 0.195522 0.024341 0.038806
0 0.410751 0.638806 0.018256 0.029851
0 0.470588 0.683582 0.024341 0.041791
0 0.624746 0.646269 0.024341 0.032836
0 0.684584 0.605970 0.018256 0.035821
0 0.636917 0.540299 0.016227 0.023881
0 0.653144 0.543284 0.016227 0.023881
0 0.657201 0.519403 0.020284 0.029851
0 0.874239 0.428358 0.016227 0.032836
0 0.527383 0.089552 0.024341 0.029851
0 0.497972 0.100000 0.018256 0.020896
0 0.458418 0.073134 0.016227 0.014925
0 0.506085 0.029851 0.026369 0.035821
0 0.570994 0.068657 0.026369 0.041791
0 0.633874 0.185075 0.026369 0.023881
0 0.490872 0.438806 0.024341 0.035821
0 0.508114 0.840299 0.018256 0.032836
0 0.581136 0.870149 0.022312 0.038806
0 0.607505 0.838806 0.018256 0.035821
0 0.511156 0.720896 0.016227 0.026866
0 0.536511 0.743284 0.026369 0.041791
0 0.555781 0.708955 0.024341 0.026866
0 0.774848 0.686567 0.024341 0.035821
0 0.773834 0.722388 0.038540 0.053731
0 0.861055 0.837313 0.026369 0.038806
0 0.850913 0.979104 0.022312 0.041791
0 0.877282 0.937313 0.022312 0.035821
0 0.705882 0.946269 0.036511 0.035821
0 0.675456 0.910448 0.020284 0.023881
0 0.625761 0.920896 0.018256 0.014925
0 0.672414 0.740299 0.018256 0.023881
0 0.639959 0.755224 0.014199 0.029851
0 0.520284 0.610448 0.018256 0.026866
0 0.490872 0.582090 0.016227 0.017910
0 0.414807 0.807463 0.018256 0.020896
0 0.309331 0.844776 0.018256 0.017910
0 0.291075 0.882090 0.018256 0.032836
0 0.316430 0.894030 0.016227 0.020896
0 0.202840 0.986567 0.036511 0.026866
0 0.724138 0.782090 0.016227 0.029851
0 0.803245 0.813433 0.016227 0.026866
0 0.892495 0.880597 0.020284 0.029851
