0 0.565789 0.468421 0.048872 0.063158
0 0.614662 0.426316 0.048872 0.073684
0 0.584586 0.265789 0.033835 0.068421
0 0.406015 0.202632 0.030075 0.047368
0 0.293233 0.365789 0.045113 0.078947
0 0.174812 0.689474 0.033835 0.042105
0 0.447368 0.913158 0.037594 0.068421
0 0.387218 0.902632 0.022556 0.057895
0 0.238722 0.763158 0.033835 0.063158
0 0.189850 0.778947 0.026316 0.052632
0 0.167293 0.892105 0.063910 0.047368
0 0.870301 0.523684 0.056391 0.068421
0 0.757519 0.147368 0.033835 0.063158
0 0.988722 0.807895 0.022556 0.068421
0 0.815789 0.931579 0.037594 0.052632
0 0.625940 0.931579 0.041353 0.084211
0 0.206767 0.150000 0.037594 0.026316
0 0.451128 0.178947 0.022556 0.042105
0 0.855263 0.123684 0.026316 0.026316
0 0.795113 0.200000 0.026316 0.063158
0 0.860902 0.034211 0.030075 0.047368
0 0.936090 0.081579 0.015038 0.036842
