0 0.288571 0.269010 0.074286 0.090387
0 0.465714 0.274032 0.091429 0.077475
0 0.298571 0.473458 0.071429 0.045911
0 0.533571 0.442611 0.092857 0.087518
0 0.652143 0.403874 0.064286 0.058824
0 0.934286 0.317791 0.114286 0.139168
0 0.801429 0.520086 0.097143 0.090387
0 0.872857 0.531564 0.057143 0.061693
0 0.820714 0.766858 0.107143 0.093257
0 0.943571 0.877331 0.052857 0.067432
0 0.542143 0.703730 0.067143 0.055954
0 0.631429 0.552367 0.045714 0.057389
0 0.439286 0.667862 0.061429 0.084648
0 0.607857 0.962697 0.087143 0.074605
0 0.177143 0.513630 0.048571 0.034433
0 0.082857 0.526542 0.048571 0.068867
0 0.027143 0.525108 0.051429 0.083214
0 0.140714 0.450502 0.081429 0.065997
0 0.071429 0.438307 0.048571 0.055954
0 0.241429 0.355811 0.048571 0.028694
0 0.071429 0.371593 0.074286 0.057389
0 0.640714 0.149928 0.084286 0.076040
0 0.568571 0.078192 0.065714 0.067432
0 0.411429 0.064562 0.105714 0.083214
0 0.255000 0.152798 0.041429 0.044476
0 0.247143 0.027260 0.142857 0.051650
0 0.041429 0.134146 0.060000 0.055954
0 0.752143 0.154232 0.078571 0.050215
