0 0.133571 0.468274 0.035714 0.063452
0 0.121429 0.541878 0.048571 0.058376
0 0.120000 0.717005 0.034286 0.063452
0 0.259286 0.618020 0.047143 0.043147
0 0.330714 0.642132 0.035714 0.076142
0 0.256429 0.493655 0.038571 0.068528
0 0.187143 0.445431 0.025714 0.058376
0 0.297857 0.461929 0.038571 0.076142
0 0.367143 0.475888 0.028571 0.043147
0 0.345714 0.383249 0.037143 0.055838
0 0.403571 0.336294 0.032857 0.048223
0 0.465000 0.348985 0.030000 0.063452
0 0.462857 0.453046 0.031429 0.048223
0 0.523571 0.425127 0.035714 0.078680
0 0.530714 0.515228 0.010000 0.040609
0 0.557857 0.515228 0.021429 0.040609
0 0.673571 0.521574 0.032857 0.053299
0 0.635714 0.388325 0.028571 0.050761
0 0.645000 0.449239 0.027143 0.030457
0 0.255000 0.167513 0.055714 0.081218
0 0.302857 0.204315 0.017143 0.038071
0 0.335714 0.232234 0.025714 0.038071
0 0.587143 0.285533 0.031429 0.048223
0 0.666429 0.303299 0.035714 0.053299
0 0.637143 0.258883 0.022857 0.030457
0 0.713571 0.271574 0.030000 0.040609
0 0.717143 0.489848 0.022857 0.050761
0 0.717143 0.411168 0.025714 0.050761
