0 0.125000 0.429825 0.093750 0.111111
0 0.177734 0.266082 0.066406 0.052632
0 0.279297 0.257310 0.050781 0.081871
0 0.357422 0.339181 0.050781 0.081871
0 0.265625 0.467836 0.062500 0.081871
0 0.478516 0.637427 0.066406 0.070175
0 0.396484 0.710526 0.066406 0.076023
0 0.500000 0.801170 0.062500 0.081871
0 0.544922 0.728070 0.042969 0.064327
0 0.656250 0.757310 0.078125 0.087719
0 0.779297 0.736842 0.035156 0.046784
0 0.734375 0.856725 0.062500 0.099415
0 0.404297 0.970760 0.066406 0.058480
0 0.822266 0.371345 0.066406 0.122807
0 0.681641 0.277778 0.058594 0.087719
0 0.712891 0.201754 0.058594 0.064327
0 0.072266 0.146199 0.035156 0.058480
0 0.095703 0.225146 0.050781 0.076023
