0 0.290909 0.478142 0.050909 0.114754
0 0.385455 0.508197 0.087273 0.163934
0 0.450909 0.366120 0.072727 0.087432
0 0.627273 0.300546 0.054545 0.065574
0 0.618182 0.169399 0.116364 0.098361
0 0.861818 0.464481 0.080000 0.098361
0 0.721818 0.480874 0.112727 0.163934
0 0.487273 0.644809 0.050909 0.076503
0 0.465455 0.524590 0.065455 0.109290
0 0.458182 0.765027 0.050909 0.098361
0 0.196364 0.827869 0.058182 0.060109
0 0.192727 0.661202 0.050909 0.065574
0 0.565455 0.642077 0.061818 0.081967
0 0.541818 0.808743 0.072727 0.098361
0 0.456364 0.969945 0.061818 0.049180
