0 0.074468 0.337989 0.141844 0.150838
0 0.124113 0.513966 0.078014 0.089385
0 0.255319 0.513966 0.078014 0.100559
0 0.294326 0.740223 0.070922 0.117318
0 0.042553 0.913408 0.070922 0.117318
0 0.152482 0.944134 0.085106 0.111732
0 0.262411 0.932961 0.063830 0.122905
0 0.386525 0.421788 0.056738 0.094972
0 0.515957 0.340782 0.074468 0.122905
0 0.384752 0.192737 0.081560 0.083799
0 0.278369 0.145251 0.081560 0.078212
0 0.258865 0.265363 0.035461 0.072626
0 0.627660 0.114525 0.106383 0.150838
0 0.725177 0.134078 0.060284 0.100559
0 0.677305 0.438547 0.127660 0.139665
0 0.718085 0.603352 0.053191 0.089385
0 0.858156 0.614525 0.056738 0.100559
0 0.973404 0.519553 0.053191 0.111732
0 0.969858 0.268156 0.060284 0.145251
0 0.890071 0.826816 0.063830 0.111732
0 0.496454 0.723464 0.099291 0.106145
0 0.124113 0.726257 0.049645 0.055866
0 0.049645 0.050279 0.092199 0.089385
