0 0.037778 0.804444 0.040000 0.053333
0 0.242222 0.626667 0.040000 0.044444
0 0.122222 0.766667 0.075556 0.040000
0 0.213333 0.851111 0.088889 0.075556
0 0.028889 0.913333 0.048889 0.057778
0 0.060000 0.966667 0.040000 0.031111
0 0.473333 0.868889 0.048889 0.048889
0 0.460000 0.808889 0.031111 0.035556
0 0.348889 0.717778 0.031111 0.066667
0 0.428889 0.675556 0.040000 0.035556
0 0.324444 0.615556 0.053333 0.040000
0 0.360000 0.564444 0.044444 0.035556
0 0.153333 0.444444 0.040000 0.044444
0 0.311111 0.408889 0.035556 0.026667
0 0.391111 0.388889 0.035556 0.048889
0 0.424444 0.326667 0.057778 0.057778
0 0.397778 0.268889 0.031111 0.031111
0 0.380000 0.208889 0.048889 0.062222
0 0.566667 0.222222 0.075556 0.053333
0 0.506667 0.391111 0.071111 0.088889
0 0.437778 0.475556 0.031111 0.053333
