0 0.400000 0.455357 0.093333 0.089286
0 0.223333 0.232143 0.106667 0.107143
0 0.090000 0.107143 0.053333 0.071429
0 0.121667 0.214286 0.056667 0.095238
0 0.060000 0.407738 0.046667 0.053571
0 0.151667 0.389881 0.070000 0.089286
0 0.165000 0.854167 0.116667 0.148810
0 0.220000 0.761905 0.080000 0.107143
0 0.255000 0.485119 0.116667 0.220238
0 0.445000 0.229167 0.043333 0.089286
0 0.330000 0.220238 0.053333 0.095238
0 0.551667 0.395833 0.063333 0.077381
0 0.563333 0.508929 0.080000 0.089286
0 0.495000 0.514881 0.056667 0.113095
0 0.425000 0.592262 0.043333 0.089286
0 0.343333 0.663690 0.053333 0.089286
0 0.303333 0.720238 0.033333 0.059524
0 0.340000 0.761905 0.033333 0.059524
0 0.425000 0.886905 0.116667 0.154762
0 0.628333 0.755952 0.050000 0.071429
0 0.551667 0.627976 0.050000 0.089286
0 0.488333 0.651786 0.043333 0.089286
0 0.803333 0.354167 0.053333 0.077381
0 0.681667 0.127976 0.070000 0.065476
0 0.523333 0.071429 0.093333 0.119048
0 0.721667 0.529762 0.063333 0.071429
0 0.768333 0.648810 0.063333 0.071429
0 0.735000 0.806548 0.050000 0.089286
0 0.818333 0.901786 0.083333 0.113095
0 0.865000 0.758929 0.036667 0.077381
0 0.956667 0.818452 0.046667 0.077381
0 0.835000 0.654762 0.043333 0.047619
0 0.910000 0.372024 0.060000 0.077381
0 0.933333 0.619048 0.066667 0.119048
0 0.651667 0.877976 0.063333 0.089286
