0 0.476793 0.396714 0.050633 0.051643
0 0.440928 0.335681 0.063291 0.061033
0 0.588608 0.305164 0.037975 0.065728
0 0.622363 0.349765 0.037975 0.042254
0 0.358650 0.485915 0.067511 0.051643
0 0.320675 0.572770 0.059072 0.065728
0 0.388186 0.626761 0.042194 0.051643
0 0.236287 0.676056 0.084388 0.056338
0 0.710970 0.582160 0.071730 0.084507
0 0.770042 0.523474 0.046414 0.070423
0 0.827004 0.596244 0.050633 0.046948
0 0.917722 0.610329 0.037975 0.037559
0 0.742616 0.727700 0.033755 0.065728
0 0.670886 0.772300 0.084388 0.107981
0 0.430380 0.110329 0.033755 0.051643
0 0.569620 0.056338 0.042194 0.084507
0 0.286920 0.199531 0.050633 0.061033
0 0.358650 0.042254 0.050633 0.056338
0 0.468354 0.762911 0.050633 0.061033
0 0.386076 0.758216 0.063291 0.061033
0 0.396624 0.699531 0.042194 0.056338
0 0.289030 0.809859 0.037975 0.051643
0 0.810127 0.680751 0.033755 0.046948
0 0.050633 0.657277 0.050633 0.056338
0 0.107595 0.619718 0.046414 0.037559
0 0.135021 0.753521 0.109705 0.126761
