0 0.335249 0.647668 0.065134 0.093264
0 0.095785 0.093264 0.145594 0.082902
0 0.298851 0.349741 0.091954 0.098446
0 0.532567 0.253886 0.068966 0.072539
0 0.660920 0.220207 0.049808 0.046632
0 0.781609 0.064767 0.091954 0.108808
0 0.818008 0.284974 0.065134 0.093264
0 0.772031 0.386010 0.042146 0.056995
0 0.649425 0.471503 0.095785 0.134715
0 0.551724 0.593264 0.061303 0.067358
0 0.419540 0.707254 0.042146 0.067358
0 0.316092 0.932642 0.111111 0.113990
0 0.501916 0.826425 0.107280 0.119171
0 0.568966 0.686528 0.042146 0.056995
0 0.676245 0.691710 0.042146 0.067358
0 0.802682 0.642487 0.065134 0.103627
0 0.934866 0.538860 0.068966 0.103627
