0 0.113462 0.448454 0.065385 0.082474
0 0.380769 0.170103 0.092308 0.082474
0 0.342308 0.386598 0.061538 0.061856
0 0.207692 0.216495 0.100000 0.103093
0 0.580769 0.226804 0.061538 0.072165
0 0.584615 0.476804 0.046154 0.025773
0 0.819231 0.451031 0.053846 0.056701
0 0.890385 0.162371 0.050000 0.077320
0 0.800000 0.056701 0.069231 0.061856
0 0.425000 0.051546 0.057692 0.061856
0 0.188462 0.649485 0.061538 0.092784
0 0.319231 0.693299 0.069231 0.159794
0 0.509615 0.567010 0.073077 0.103093
0 0.771154 0.768041 0.050000 0.051546
0 0.676923 0.755155 0.076923 0.108247
0 0.480769 0.832474 0.038462 0.046392
0 0.538462 0.837629 0.053846 0.067010
0 0.571154 0.956186 0.080769 0.077320
0 0.459615 0.386598 0.065385 0.123711
