0 0.443460 0.665846 0.066757 0.087028
0 0.136921 0.406404 0.066757 0.080460
0 0.207084 0.487685 0.068120 0.055829
0 0.303134 0.415435 0.064033 0.088670
0 0.416213 0.417077 0.053134 0.062397
0 0.470708 0.482759 0.061308 0.101806
0 0.500000 0.416256 0.068120 0.067323
0 0.177112 0.161741 0.043597 0.064039
0 0.145777 0.207718 0.049046 0.054187
0 0.273161 0.159278 0.020436 0.026273
0 0.316076 0.136289 0.032698 0.039409
0 0.270436 0.057471 0.025886 0.026273
0 0.414850 0.137110 0.047684 0.054187
0 0.506812 0.145320 0.051771 0.050903
0 0.519755 0.031199 0.085831 0.059113
0 0.598774 0.073892 0.034060 0.032841
0 0.640327 0.070608 0.029973 0.039409
0 0.624659 0.163383 0.039510 0.067323
0 0.686649 0.164204 0.057221 0.062397
0 0.639646 0.293103 0.053134 0.050903
0 0.797684 0.281609 0.028610 0.037767
0 0.910763 0.282430 0.039510 0.049261
0 0.777929 0.375205 0.032698 0.027915
0 0.689373 0.391626 0.051771 0.070608
0 0.641008 0.536125 0.044959 0.047619
0 0.779292 0.467159 0.038147 0.050903
0 0.815395 0.564039 0.025886 0.034483
0 0.980245 0.518883 0.025886 0.039409
0 0.881471 0.635468 0.038147 0.032841
0 0.886921 0.691297 0.024523 0.026273
0 0.872616 0.719212 0.042234 0.052545
0 0.978883 0.782430 0.042234 0.054187
0 0.514305 0.754516 0.031335 0.044335
0 0.380109 0.739737 0.027248 0.037767
0 0.436649 0.744663 0.028610 0.027915
0 0.376703 0.901478 0.036785 0.045977
0 0.418937 0.919540 0.034060 0.045977
0 0.491144 0.971264 0.034060 0.054187
0 0.151907 0.912151 0.036785 0.037767
