0 0.323661 0.281250 0.031250 0.026786
0 0.618304 0.133929 0.031250 0.044643
0 0.584821 0.151786 0.026786 0.026786
0 0.337054 0.080357 0.040179 0.035714
0 0.872768 0.129464 0.049107 0.053571
0 0.493304 0.325893 0.075893 0.080357
0 0.437500 0.258929 0.044643 0.044643
0 0.401786 0.747768 0.044643 0.040179
0 0.560268 0.674107 0.049107 0.053571
0 0.604911 0.660714 0.040179 0.044643
0 0.658482 0.691964 0.040179 0.044643
0 0.616071 0.906250 0.053571 0.053571
0 0.270089 0.908482 0.040179 0.040179
0 0.225446 0.642857 0.040179 0.035714
0 0.366071 0.508929 0.035714 0.044643
0 0.102679 0.627232 0.026786 0.031250
0 0.287946 0.381696 0.040179 0.031250
0 0.120536 0.160714 0.035714 0.035714
0 0.232143 0.125000 0.035714 0.044643
0 0.636161 0.287946 0.040179 0.040179
0 0.669643 0.040179 0.026786 0.035714
0 0.587054 0.368304 0.031250 0.040179
0 0.582589 0.412946 0.040179 0.040179
0 0.743304 0.475446 0.040179 0.058036
0 0.727679 0.546875 0.035714 0.031250
0 0.725446 0.712054 0.022321 0.031250
0 0.468750 0.763393 0.062500 0.071429
0 0.810268 0.607143 0.040179 0.044643
0 0.415179 0.497768 0.026786 0.031250
0 0.455357 0.636161 0.044643 0.040179
0 0.375000 0.575893 0.053571 0.035714
0 0.359375 0.636161 0.040179 0.049107
0 0.194196 0.589286 0.031250 0.035714
0 0.551339 0.738839 0.040179 0.040179
0 0.953125 0.511161 0.031250 0.058036
0 0.477679 0.187500 0.035714 0.044643
0 0.020089 0.345982 0.031250 0.040179
0 0.020089 0.517857 0.031250 0.035714
0 0.017857 0.562500 0.026786 0.026786
0 0.178571 0.540179 0.035714 0.035714
0 0.479911 0.953125 0.049107 0.040179
0 0.415179 0.888393 0.053571 0.044643
0 0.691964 0.421875 0.035714 0.049107
0 0.343750 0.408482 0.044643 0.040179
0 0.448661 0.031250 0.031250 0.035714
0 0.787946 0.209821 0.031250 0.044643
0 0.716518 0.265625 0.049107 0.040179
