0 0.126812 0.409836 0.028986 0.054645
0 0.047101 0.448087 0.028986 0.043716
0 0.038043 0.502732 0.039855 0.043716
0 0.228261 0.428962 0.028986 0.071038
0 0.521739 0.475410 0.050725 0.065574
0 0.652174 0.407104 0.036232 0.049180
0 0.679348 0.357923 0.032609 0.060109
0 0.644928 0.306011 0.057971 0.087432
0 0.271739 0.371585 0.028986 0.054645
0 0.338768 0.565574 0.025362 0.049180
0 0.228261 0.568306 0.028986 0.032787
0 0.192029 0.680328 0.036232 0.038251
0 0.126812 0.808743 0.043478 0.054645
0 0.744565 0.713115 0.054348 0.071038
0 0.572464 0.524590 0.028986 0.032787
