0 0.354430 0.440678 0.031646 0.021186
0 0.393196 0.343220 0.023734 0.029661
0 0.367089 0.383475 0.037975 0.033898
0 0.541139 0.166314 0.031646 0.040254
0 0.458070 0.126059 0.023734 0.027542
0 0.729430 0.177966 0.028481 0.046610
0 0.738133 0.038136 0.039557 0.042373
0 0.296677 0.721398 0.023734 0.036017
0 0.084652 0.730932 0.020570 0.025424
0 0.397943 0.911017 0.039557 0.042373
0 0.462025 0.744703 0.025316 0.040254
0 0.457278 0.798729 0.044304 0.046610
0 0.625000 0.511653 0.050633 0.069915
0 0.815665 0.847458 0.026899 0.050847
0 0.640823 0.721398 0.028481 0.036017
0 0.787184 0.621822 0.023734 0.044492
0 0.735759 0.602754 0.018987 0.027542
0 0.707278 0.533898 0.022152 0.029661
0 0.780063 0.472458 0.022152 0.029661
0 0.859968 0.486229 0.026899 0.040254
0 0.588608 0.297669 0.031646 0.040254
0 0.564873 0.219280 0.022152 0.036017
0 0.465981 0.602754 0.026899 0.031780
0 0.360759 0.613347 0.018987 0.027542
0 0.846519 0.713983 0.015823 0.021186
0 0.732595 0.690678 0.031646 0.042373
0 0.822785 0.698093 0.025316 0.048729
0 0.799842 0.254237 0.020570 0.033898
0 0.824367 0.203390 0.022152 0.038136
0 0.818038 0.150424 0.018987 0.025424
