0 0.248239 0.505650 0.031690 0.050847
0 0.341549 0.646893 0.028169 0.062147
0 0.309859 0.742938 0.049296 0.039548
0 0.475352 0.649718 0.049296 0.090395
0 0.507042 0.564972 0.035211 0.056497
0 0.561620 0.451977 0.024648 0.045198
0 0.528169 0.361582 0.042254 0.067797
0 0.406690 0.528249 0.045775 0.039548
0 0.197183 0.358757 0.035211 0.050847
0 0.438380 0.920904 0.024648 0.045198
0 0.487676 0.963277 0.038732 0.039548
0 0.640845 0.850282 0.035211 0.050847
0 0.670775 0.923729 0.052817 0.062147
0 0.572183 0.725989 0.031690 0.039548
0 0.644366 0.590395 0.028169 0.050847
0 0.674296 0.429379 0.031690 0.056497
0 0.535211 0.245763 0.042254 0.062147
0 0.688380 0.169492 0.031690 0.045198
