0 0.586379 0.511905 0.049834 0.083333
0 0.239203 0.077381 0.053156 0.059524
0 0.156146 0.130952 0.033223 0.059524
0 0.139535 0.193452 0.033223 0.041667
0 0.093023 0.208333 0.026578 0.047619
0 0.079734 0.312500 0.039867 0.053571
0 0.212625 0.273810 0.033223 0.047619
0 0.202658 0.345238 0.046512 0.071429
0 0.132890 0.458333 0.059801 0.095238
0 0.063123 0.687500 0.053156 0.089286
0 0.059801 0.809524 0.039867 0.059524
0 0.049834 0.901786 0.033223 0.077381
0 0.313953 0.752976 0.043189 0.077381
0 0.232558 0.815476 0.053156 0.059524
0 0.232558 0.869048 0.026578 0.047619
0 0.181063 0.928571 0.076412 0.107143
0 0.325581 0.866071 0.066445 0.089286
0 0.420266 0.705357 0.089701 0.125000
0 0.299003 0.440476 0.073090 0.095238
0 0.325581 0.306548 0.039867 0.077381
0 0.380399 0.279762 0.029900 0.059524
0 0.330565 0.056548 0.076412 0.077381
0 0.431894 0.318452 0.039867 0.077381
0 0.405316 0.401786 0.019934 0.053571
0 0.480066 0.508929 0.063123 0.125000
0 0.398671 0.845238 0.046512 0.059524
0 0.455150 0.916667 0.073090 0.142857
0 0.495017 0.809524 0.112957 0.071429
0 0.596346 0.824405 0.063123 0.148810
0 0.637874 0.229167 0.026578 0.065476
0 0.692691 0.255952 0.063123 0.166667
0 0.837209 0.526786 0.073090 0.113095
0 0.689369 0.574405 0.036545 0.065476
0 0.710963 0.645833 0.046512 0.065476
0 0.671096 0.747024 0.039867 0.053571
0 0.676080 0.863095 0.063123 0.083333
0 0.745847 0.818452 0.056478 0.077381
0 0.765781 0.735119 0.049834 0.089286
0 0.820598 0.711310 0.059801 0.148810
0 0.863787 0.827381 0.086379 0.095238
0 0.825581 0.955357 0.089701 0.077381
0 0.774086 0.327381 0.026578 0.047619
0 0.817276 0.398810 0.046512 0.059524
0 0.933555 0.315476 0.046512 0.059524
0 0.875415 0.375000 0.023256 0.035714
0 0.857143 0.235119 0.053156 0.065476
0 0.955150 0.738095 0.049834 0.107143
0 0.355482 0.574405 0.039867 0.053571
0 0.476744 0.235119 0.029900 0.053571
0 0.523256 0.383929 0.029900 0.041667
