0 0.276364 0.284153 0.050909 0.065574
0 0.356364 0.183060 0.050909 0.071038
0 0.421818 0.188525 0.043636 0.071038
0 0.380000 0.333333 0.032727 0.054645
0 0.541818 0.404372 0.043636 0.043716
0 0.580000 0.453552 0.032727 0.043716
0 0.452727 0.568306 0.054545 0.054645
0 0.392727 0.453552 0.043636 0.065574
0 0.289091 0.715847 0.032727 0.032787
0 0.298182 0.669399 0.029091 0.027322
0 0.405455 0.696721 0.047273 0.049180
0 0.301818 0.841530 0.043636 0.054645
0 0.489091 0.849727 0.054545 0.038251
0 0.516364 0.918033 0.029091 0.032787
0 0.489091 0.051913 0.032727 0.038251
0 0.336364 0.095628 0.025455 0.027322
