0 0.219124 0.024876 0.047809 0.039801
0 0.328685 0.079602 0.131474 0.079602
0 0.153386 0.114428 0.107570 0.089552
0 0.213147 0.303483 0.075697 0.149254
0 0.111554 0.500000 0.087649 0.144279
0 0.256972 0.549751 0.123506 0.263682
0 0.340637 0.654229 0.035857 0.094527
0 0.434263 0.495025 0.175299 0.114428
0 0.366534 0.256219 0.191235 0.164179
0 0.667331 0.201493 0.059761 0.074627
0 0.733068 0.246269 0.039841 0.034826
0 0.615538 0.651741 0.043825 0.039801
0 0.410359 0.651741 0.063745 0.099502
0 0.717131 0.611940 0.079681 0.049751
0 0.519920 0.788557 0.059761 0.074627
0 0.693227 0.888060 0.055777 0.124378
