0 0.173358 0.472826 0.054745 0.076087
0 0.038321 0.663043 0.062044 0.097826
0 0.233577 0.459239 0.029197 0.059783
0 0.235401 0.548913 0.091241 0.065217
0 0.368613 0.527174 0.043796 0.076087
0 0.521898 0.578804 0.051095 0.081522
0 0.600365 0.622283 0.040146 0.059783
0 0.722628 0.516304 0.102190 0.097826
0 0.596715 0.472826 0.047445 0.065217
0 0.529197 0.328804 0.043796 0.070652
0 0.463504 0.347826 0.051095 0.065217
0 0.724453 0.277174 0.083942 0.086957
0 0.812044 0.163043 0.047445 0.065217
0 0.919708 0.209239 0.058394 0.092391
0 0.779197 0.029891 0.069343 0.048913
0 0.580292 0.065217 0.102190 0.119565
0 0.350365 0.736413 0.051095 0.059783
0 0.479927 0.744565 0.040146 0.054348
0 0.591241 0.864130 0.043796 0.076087
0 0.151460 0.654891 0.032847 0.059783
0 0.764599 0.747283 0.040146 0.070652
0 0.903285 0.747283 0.062044 0.092391
0 0.897810 0.627717 0.036496 0.059783
0 0.417883 0.937500 0.069343 0.081522
0 0.324818 0.972826 0.065693 0.054348
