0 0.274635 0.354867 0.056569 0.033628
0 0.416058 0.178761 0.043796 0.038938
0 0.875000 0.114159 0.060219 0.069027
0 0.167883 0.378761 0.025547 0.028319
0 0.039234 0.634513 0.063869 0.072566
0 0.114051 0.897345 0.100365 0.063717
0 0.507299 0.846903 0.080292 0.051327
0 0.352190 0.853982 0.025547 0.033628
0 0.281934 0.615044 0.045620 0.047788
0 0.216241 0.442478 0.041971 0.035398
0 0.612226 0.978761 0.041971 0.038938
0 0.302007 0.943363 0.045620 0.038938
0 0.263686 0.961062 0.031022 0.038938
0 0.714416 0.852212 0.041971 0.047788
0 0.661496 0.662832 0.071168 0.104425
0 0.921533 0.234513 0.051095 0.061947
0 0.343066 0.505310 0.043796 0.033628
0 0.732664 0.072566 0.038321 0.053097
