0 0.320789 0.405556 0.089606 0.166667
0 0.435484 0.075000 0.089606 0.138889
0 0.234767 0.083333 0.089606 0.111111
0 0.207885 0.233333 0.064516 0.088889
0 0.136201 0.133333 0.064516 0.122222
0 0.039427 0.213889 0.071685 0.150000
0 0.485663 0.319444 0.053763 0.105556
0 0.741935 0.108333 0.057348 0.094444
0 0.598566 0.494444 0.086022 0.155556
0 0.826165 0.600000 0.096774 0.188889
0 0.639785 0.666667 0.103943 0.144444
0 0.129032 0.847222 0.064516 0.083333
0 0.216846 0.944444 0.089606 0.111111
0 0.437276 0.944444 0.093190 0.111111
0 0.951613 0.905556 0.068100 0.166667
