0 0.501613 0.564417 0.048387 0.098160
0 0.296774 0.365031 0.045161 0.079755
0 0.591935 0.726994 0.074194 0.116564
0 0.611290 0.588957 0.022581 0.073620
0 0.727419 0.533742 0.035484 0.073620
0 0.780645 0.503067 0.025806 0.061350
0 0.777419 0.429448 0.032258 0.073620
0 0.890323 0.512270 0.032258 0.067485
0 0.882258 0.656442 0.041935 0.061350
0 0.775806 0.677914 0.041935 0.042945
0 0.724194 0.684049 0.048387 0.079755
0 0.817742 0.892638 0.041935 0.116564
0 0.679032 0.923313 0.048387 0.079755
0 0.850000 0.386503 0.035484 0.073620
0 0.909677 0.248466 0.051613 0.104294
0 0.761290 0.254601 0.051613 0.104294
0 0.727419 0.131902 0.035484 0.067485
0 0.248387 0.107362 0.025806 0.030675
0 0.204839 0.147239 0.041935 0.073620
