0 0.323333 0.446667 0.040000 0.040000
0 0.366667 0.628889 0.073333 0.084444
0 0.501667 0.688889 0.063333 0.071111
0 0.586667 0.477778 0.060000 0.075556
0 0.516667 0.353333 0.040000 0.075556
0 0.433333 0.317778 0.053333 0.075556
0 0.291667 0.831111 0.030000 0.044444
0 0.365000 0.962222 0.070000 0.075556
0 0.523333 0.877778 0.046667 0.057778
0 0.771667 0.908889 0.056667 0.075556
0 0.740000 0.720000 0.053333 0.071111
0 0.698333 0.588889 0.036667 0.057778
0 0.823333 0.666667 0.033333 0.044444
0 0.921667 0.826667 0.063333 0.062222
