0 0.169091 0.109290 0.047273 0.065574
0 0.220000 0.106557 0.040000 0.060109
0 0.218182 0.024590 0.036364 0.038251
0 0.243636 0.062842 0.036364 0.038251
0 0.309091 0.136612 0.050909 0.065574
0 0.212727 0.245902 0.069091 0.087432
0 0.323636 0.281421 0.043636 0.092896
0 0.350909 0.346995 0.040000 0.092896
0 0.270909 0.333333 0.061818 0.076503
0 0.194545 0.428962 0.047273 0.071038
0 0.245455 0.448087 0.025455 0.043716
0 0.230909 0.532787 0.032727 0.049180
0 0.287273 0.549180 0.029091 0.049180
0 0.245455 0.622951 0.025455 0.032787
0 0.267273 0.737705 0.076364 0.054645
0 0.329091 0.874317 0.032727 0.054645
0 0.278182 0.890710 0.025455 0.054645
0 0.323636 0.961749 0.050909 0.076503
0 0.392727 0.969945 0.050909 0.060109
0 0.370909 0.841530 0.043636 0.087432
0 0.370909 0.442623 0.029091 0.043716
0 0.420000 0.412568 0.047273 0.071038
0 0.370909 0.139344 0.058182 0.125683
0 0.389091 0.060109 0.029091 0.032787
0 0.430909 0.131148 0.054545 0.054645
0 0.430909 0.243169 0.054545 0.103825
0 0.498182 0.286885 0.043636 0.092896
0 0.494545 0.196721 0.021818 0.043716
0 0.532727 0.191257 0.032727 0.043716
0 0.498182 0.098361 0.021818 0.032787
0 0.618182 0.125683 0.029091 0.054645
0 0.649091 0.106557 0.018182 0.027322
0 0.598182 0.207650 0.040000 0.065574
0 0.549091 0.377049 0.043636 0.043716
0 0.558182 0.316940 0.032727 0.054645
0 0.674545 0.281421 0.025455 0.038251
0 0.650909 0.226776 0.029091 0.049180
0 0.698182 0.245902 0.029091 0.032787
0 0.725455 0.136612 0.032727 0.098361
0 0.800000 0.150273 0.036364 0.049180
0 0.812727 0.215847 0.032727 0.038251
0 0.781818 0.062842 0.029091 0.049180
0 0.703636 0.357923 0.061818 0.071038
0 0.752727 0.448087 0.072727 0.098361
0 0.554545 0.497268 0.025455 0.043716
0 0.594545 0.491803 0.025455 0.043716
0 0.543636 0.560109 0.032727 0.049180
0 0.498182 0.543716 0.029091 0.038251
0 0.503636 0.674863 0.025455 0.038251
0 0.600000 0.562842 0.036364 0.054645
0 0.529091 0.808743 0.040000 0.065574
0 0.550909 0.953552 0.054545 0.092896
