0 0.290179 0.468750 0.026786 0.035714
0 0.453125 0.241071 0.031250 0.044643
0 0.354911 0.236607 0.031250 0.035714
0 0.412946 0.272321 0.022321 0.026786
0 0.234375 0.383929 0.031250 0.044643
0 0.133929 0.515625 0.026786 0.022321
0 0.245536 0.504464 0.035714 0.053571
0 0.435268 0.495536 0.031250 0.035714
0 0.392857 0.564732 0.026786 0.040179
0 0.361607 0.546875 0.035714 0.040179
0 0.281250 0.669643 0.053571 0.053571
0 0.412946 0.638393 0.031250 0.044643
0 0.160714 0.564732 0.026786 0.031250
0 0.125000 0.593750 0.026786 0.026786
0 0.600446 0.457589 0.040179 0.049107
0 0.587054 0.375000 0.040179 0.044643
0 0.466518 0.397321 0.049107 0.053571
0 0.707589 0.529018 0.040179 0.058036
0 0.741071 0.404018 0.035714 0.022321
0 0.171875 0.325893 0.031250 0.026786
0 0.107143 0.375000 0.026786 0.026786
0 0.312500 0.747768 0.026786 0.049107
0 0.281250 0.743304 0.035714 0.031250
0 0.234375 0.678571 0.022321 0.026786
0 0.075893 0.627232 0.044643 0.040179
0 0.513393 0.560268 0.026786 0.031250
0 0.546875 0.671875 0.075893 0.066964
0 0.419643 0.752232 0.035714 0.031250
0 0.372768 0.803571 0.049107 0.035714
0 0.430804 0.825893 0.031250 0.044643
0 0.680804 0.609375 0.031250 0.040179
0 0.566964 0.515625 0.026786 0.040179
