0 0.062500 0.263393 0.053571 0.071429
0 0.167411 0.216518 0.049107 0.066964
0 0.283482 0.314732 0.058036 0.049107
0 0.368304 0.310268 0.040179 0.084821
0 0.526786 0.363839 0.053571 0.049107
0 0.392857 0.136161 0.044643 0.040179
0 0.872768 0.359375 0.040179 0.049107
0 0.645089 0.566964 0.058036 0.071429
0 0.687500 0.540179 0.035714 0.035714
0 0.560268 0.600446 0.040179 0.031250
0 0.526786 0.633929 0.035714 0.035714
0 0.464286 0.803571 0.044643 0.062500
0 0.368304 0.899554 0.058036 0.058036
0 0.604911 0.848214 0.031250 0.044643
0 0.658482 0.787946 0.049107 0.049107
0 0.616071 0.944196 0.035714 0.049107
0 0.772321 0.892857 0.035714 0.035714
0 0.763393 0.743304 0.044643 0.049107
0 0.964286 0.544643 0.071429 0.089286
0 0.986607 0.756696 0.026786 0.058036
