0 0.298182 0.396175 0.058182 0.060109
0 0.250909 0.193989 0.043636 0.049180
0 0.501818 0.565574 0.043636 0.049180
0 0.592727 0.680328 0.036364 0.081967
0 0.603636 0.573770 0.029091 0.032787
0 0.718182 0.639344 0.025455 0.087432
0 0.767273 0.650273 0.021818 0.054645
0 0.789091 0.516393 0.058182 0.081967
0 0.727273 0.437158 0.050909 0.076503
0 0.787273 0.448087 0.032727 0.065574
0 0.861818 0.423497 0.036364 0.071038
0 0.903636 0.292350 0.054545 0.092896
0 0.890909 0.516393 0.050909 0.049180
0 0.876364 0.622951 0.050909 0.043716
0 0.820000 0.803279 0.032727 0.087432
0 0.681818 0.836066 0.054545 0.065574
0 0.350909 0.713115 0.040000 0.049180
