0 0.267025 0.383978 0.032258 0.038674
0 0.270609 0.325967 0.039427 0.055249
0 0.335125 0.414365 0.060932 0.110497
0 0.336918 0.513812 0.057348 0.055249
0 0.263441 0.444751 0.060932 0.071823
0 0.245520 0.505525 0.025090 0.038674
0 0.272401 0.577348 0.035842 0.060773
0 0.304659 0.654696 0.043011 0.082873
0 0.385305 0.508287 0.039427 0.077348
0 0.440860 0.408840 0.064516 0.077348
0 0.446237 0.555249 0.053763 0.138122
0 0.503584 0.419890 0.046595 0.132597
0 0.596774 0.386740 0.103943 0.132597
0 0.715054 0.339779 0.118280 0.104972
0 0.718638 0.447514 0.118280 0.099448
0 0.627240 0.527624 0.057348 0.104972
0 0.424731 0.715470 0.025090 0.071823
0 0.354839 0.756906 0.028674 0.033149
0 0.379928 0.618785 0.064516 0.110497
0 0.492832 0.596685 0.017921 0.055249
0 0.569892 0.635359 0.086022 0.232044
0 0.444444 0.864641 0.100358 0.171271
0 0.711470 0.596685 0.053763 0.154696
0 0.652330 0.693370 0.057348 0.193370
0 0.689964 0.856354 0.075269 0.110497
0 0.862007 0.544199 0.060932 0.138122
