0 0.343750 0.368304 0.026786 0.031250
0 0.290179 0.361607 0.044643 0.044643
0 0.314732 0.294643 0.049107 0.044643
0 0.540179 0.183036 0.026786 0.035714
0 0.361607 0.685268 0.053571 0.066964
0 0.370536 0.779018 0.071429 0.066964
0 0.479911 0.872768 0.031250 0.031250
0 0.339286 0.973214 0.035714 0.035714
0 0.095982 0.321429 0.022321 0.035714
0 0.299107 0.245536 0.044643 0.044643
0 0.227679 0.218750 0.035714 0.044643
0 0.205357 0.292411 0.053571 0.040179
0 0.354911 0.026786 0.031250 0.017857
0 0.162946 0.024554 0.040179 0.040179
