0 0.614763 0.261943 0.080819 0.106688
0 0.635776 0.380573 0.043103 0.070064
0 0.901401 0.425159 0.061422 0.079618
0 0.942349 0.105892 0.046336 0.065287
0 0.871228 0.156051 0.033405 0.054140
0 0.855603 0.052548 0.030172 0.038217
0 0.348060 0.332803 0.028017 0.044586
0 0.151940 0.389331 0.023707 0.036624
0 0.410022 0.351115 0.037716 0.039809
0 0.144397 0.437102 0.028017 0.030255
0 0.259159 0.614650 0.048491 0.060510
0 0.106681 0.632166 0.043103 0.035032
0 0.194504 0.687102 0.022629 0.039809
0 0.373922 0.605096 0.058190 0.057325
0 0.219289 0.736465 0.029095 0.042994
0 0.195043 0.865446 0.030172 0.049363
0 0.113685 0.949841 0.037716 0.033439
0 0.397091 0.816083 0.039871 0.068471
0 0.665409 0.803344 0.029095 0.042994
0 0.623922 0.935510 0.045259 0.071656
0 0.713362 0.944268 0.058190 0.070064
0 0.737069 0.293790 0.034483 0.052548
0 0.769397 0.911624 0.025862 0.065287
0 0.805496 0.678344 0.024784 0.035032
0 0.280172 0.874204 0.030172 0.038217
0 0.247845 0.828822 0.030172 0.039809
