0 0.583032 0.140110 0.068592 0.093407
0 0.572202 0.288462 0.068592 0.115385
0 0.413357 0.538462 0.046931 0.043956
0 0.458484 0.609890 0.036101 0.054945
0 0.402527 0.651099 0.054152 0.071429
0 0.474729 0.708791 0.061372 0.076923
0 0.202166 0.574176 0.064982 0.104396
0 0.373646 0.752747 0.075812 0.043956
0 0.555957 0.936813 0.050542 0.060440
0 0.812274 0.708791 0.086643 0.098901
0 0.916968 0.686813 0.057762 0.076923
0 0.777978 0.527473 0.046931 0.076923
0 0.944043 0.521978 0.083032 0.120879
0 0.915162 0.098901 0.061372 0.120879
0 0.963899 0.214286 0.043321 0.054945
0 0.666065 0.126374 0.054152 0.076923
0 0.308664 0.181319 0.039711 0.054945
0 0.323105 0.288462 0.032491 0.060440
