0 0.462295 0.572727 0.032787 0.078788
0 0.504918 0.551515 0.032787 0.084848
0 0.260656 0.496970 0.042623 0.060606
0 0.347541 0.324242 0.026230 0.054545
0 0.373770 0.303030 0.019672 0.048485
0 0.478689 0.372727 0.032787 0.054545
0 0.616393 0.257576 0.032787 0.054545
0 0.647541 0.324242 0.036066 0.042424
0 0.418033 0.148485 0.029508 0.054545
0 0.329508 0.154545 0.029508 0.042424
0 0.191803 0.272727 0.036066 0.060606
0 0.165574 0.809091 0.042623 0.090909
0 0.214754 0.881818 0.029508 0.042424
0 0.701639 0.648485 0.045902 0.096970
0 0.849180 0.627273 0.039344 0.066667
0 0.852459 0.427273 0.032787 0.066667
0 0.704918 0.257576 0.039344 0.066667
0 0.691803 0.157576 0.032787 0.048485
0 0.829508 0.884848 0.026230 0.084848
0 0.796721 0.927273 0.026230 0.048485
