0 0.438301 0.290476 0.062500 0.090476
0 0.642628 0.447619 0.051282 0.061905
0 0.580128 0.429762 0.022436 0.030952
0 0.238782 0.626190 0.028846 0.038095
0 0.092147 0.208333 0.040064 0.045238
0 0.447115 0.576190 0.019231 0.038095
0 0.688301 0.795238 0.059295 0.090476
0 0.680288 0.688095 0.046474 0.061905
0 0.346955 0.853571 0.014423 0.026190
0 0.370994 0.869048 0.020833 0.033333
0 0.366987 0.782143 0.038462 0.035714
0 0.737981 0.253571 0.014423 0.030952
0 0.637821 0.234524 0.025641 0.035714
0 0.149038 0.059524 0.038462 0.047619
