0 0.411765 0.348649 0.036765 0.059459
0 0.488971 0.356757 0.036765 0.043243
0 0.253676 0.656757 0.044118 0.081081
0 0.229779 0.440541 0.047794 0.070270
0 0.316176 0.221622 0.044118 0.064865
0 0.409926 0.108108 0.055147 0.054054
0 0.360294 0.148649 0.073529 0.059459
0 0.205882 0.181081 0.073529 0.037838
0 0.553309 0.194595 0.069853 0.075676
0 0.470588 0.435135 0.073529 0.027027
0 0.387868 0.727027 0.062500 0.070270
0 0.389706 0.870270 0.073529 0.054054
0 0.439338 0.948649 0.062500 0.091892
0 0.863971 0.913514 0.066176 0.172973
0 0.722426 0.570270 0.062500 0.135135
