0 0.589286 0.607143 0.026786 0.026786
0 0.562500 0.553571 0.026786 0.026786
0 0.618304 0.544643 0.040179 0.026786
0 0.689732 0.513393 0.031250 0.035714
0 0.560268 0.417411 0.049107 0.040179
0 0.410714 0.424107 0.026786 0.026786
0 0.453125 0.421875 0.040179 0.031250
0 0.330357 0.450893 0.026786 0.017857
0 0.450893 0.488839 0.026786 0.022321
0 0.486607 0.500000 0.044643 0.044643
0 0.700893 0.430804 0.035714 0.040179
0 0.640625 0.388393 0.031250 0.035714
0 0.587054 0.363839 0.031250 0.031250
0 0.616071 0.303571 0.035714 0.035714
0 0.658482 0.274554 0.022321 0.022321
0 0.700893 0.314732 0.026786 0.022321
0 0.616071 0.220982 0.035714 0.031250
0 0.575893 0.258929 0.026786 0.026786
0 0.495536 0.292411 0.035714 0.022321
0 0.475446 0.348214 0.022321 0.017857
0 0.435268 0.261161 0.031250 0.031250
0 0.417411 0.191964 0.040179 0.035714
0 0.363839 0.229911 0.031250 0.058036
0 0.312500 0.243304 0.035714 0.031250
0 0.169643 0.747768 0.035714 0.040179
0 0.334821 0.683036 0.035714 0.035714
0 0.361607 0.640625 0.035714 0.031250
0 0.406250 0.669643 0.035714 0.026786
0 0.448661 0.678571 0.022321 0.026786
0 0.497768 0.676339 0.031250 0.031250
0 0.439732 0.625000 0.040179 0.035714
0 0.671875 0.685268 0.031250 0.040179
0 0.750000 0.642857 0.035714 0.044643
0 0.848214 0.513393 0.017857 0.026786
0 0.839286 0.589286 0.035714 0.035714
0 0.832589 0.267857 0.031250 0.035714
0 0.734375 0.238839 0.031250 0.022321
0 0.727679 0.196429 0.026786 0.026786
0 0.437500 0.042411 0.035714 0.031250
0 0.714286 0.109375 0.035714 0.031250
0 0.241071 0.892857 0.026786 0.035714
0 0.198661 0.895089 0.031250 0.031250
0 0.154018 0.895089 0.022321 0.031250
0 0.078125 0.906250 0.040179 0.044643
0 0.109375 0.935268 0.022321 0.031250
0 0.149554 0.830357 0.040179 0.026786
0 0.191964 0.406250 0.035714 0.035714
0 0.372768 0.348214 0.031250 0.026786
0 0.339286 0.328125 0.026786 0.031250
0 0.379464 0.296875 0.035714 0.031250
