0 0.325827 0.382500 0.057904 0.033750
0 0.250460 0.438125 0.045037 0.028750
0 0.190717 0.424375 0.054228 0.027500
0 0.520221 0.271875 0.044118 0.022500
0 0.301471 0.290625 0.053309 0.025000
0 0.359375 0.324062 0.027574 0.019375
0 0.281710 0.521875 0.037684 0.022500
0 0.454504 0.489063 0.056066 0.038125
0 0.561581 0.436875 0.051471 0.028750
0 0.815257 0.429688 0.036765 0.031875
0 0.846967 0.476562 0.054228 0.033125
0 0.842831 0.585313 0.045956 0.031875
0 0.777574 0.577187 0.033088 0.021875
0 0.745864 0.550937 0.043199 0.019375
0 0.738051 0.612812 0.049632 0.043125
0 0.062500 0.437812 0.040441 0.030625
0 0.167739 0.380000 0.032169 0.017500
0 0.051930 0.240937 0.032169 0.031875
0 0.414062 0.120000 0.046875 0.031250
0 0.592831 0.154375 0.056985 0.033750
0 0.594669 0.124375 0.056985 0.032500
0 0.694853 0.138125 0.066176 0.047500
0 0.748621 0.202187 0.061581 0.036875
0 0.412224 0.080625 0.034007 0.017500
0 0.841912 0.203437 0.034926 0.036875
0 0.558824 0.221250 0.053309 0.027500
0 0.574449 0.534375 0.045956 0.032500
0 0.700827 0.467813 0.030331 0.021875
0 0.662224 0.461250 0.034007 0.026250
0 0.133272 0.555625 0.036765 0.018750
0 0.302849 0.625000 0.046875 0.025000
0 0.168199 0.665000 0.042279 0.026250
0 0.229779 0.758125 0.040441 0.026250
0 0.202206 0.710625 0.038603 0.018750
0 0.381893 0.712500 0.034007 0.025000
0 0.356158 0.784062 0.046875 0.029375
0 0.279871 0.933125 0.043199 0.025000
0 0.239430 0.073438 0.034007 0.026875
0 0.280331 0.094062 0.027574 0.023125
0 0.443934 0.555312 0.051471 0.028125
0 0.428309 0.598125 0.066176 0.041250
0 0.534926 0.715000 0.045956 0.027500
0 0.439798 0.660625 0.046875 0.023750
0 0.413143 0.868437 0.113051 0.043125
0 0.510570 0.854375 0.072610 0.045000
0 0.587316 0.871875 0.045956 0.027500
0 0.669118 0.838437 0.053309 0.048125
0 0.790441 0.826562 0.034926 0.020625
0 0.574908 0.748750 0.046875 0.027500
0 0.569853 0.806250 0.106618 0.043750
0 0.486213 0.696875 0.027574 0.023750
0 0.661765 0.695625 0.051471 0.023750
0 0.558824 0.612500 0.062500 0.035000
0 0.551011 0.320625 0.030331 0.028750
0 0.722886 0.258125 0.041360 0.017500
0 0.744026 0.297812 0.057904 0.039375
0 0.737132 0.350938 0.073529 0.046875
0 0.292279 0.244375 0.029412 0.018750
0 0.230239 0.235313 0.030331 0.021875
0 0.150276 0.257500 0.032169 0.025000
0 0.115809 0.248750 0.036765 0.047500
0 0.221507 0.897500 0.038603 0.028750
0 0.780790 0.732500 0.054228 0.038750
0 0.726103 0.721875 0.068015 0.037500
0 0.402574 0.497188 0.036765 0.035625
0 0.060662 0.577812 0.027574 0.018125
0 0.646140 0.543438 0.036765 0.021875
0 0.385110 0.275313 0.040441 0.020625
0 0.906710 0.284062 0.045037 0.029375
0 0.815717 0.352500 0.043199 0.020000
0 0.543658 0.070625 0.032169 0.015000
0 0.661765 0.066562 0.051471 0.021875
0 0.259191 0.478438 0.040441 0.030625
0 0.268842 0.831250 0.050551 0.025000
0 0.418658 0.455313 0.030331 0.021875
0 0.516085 0.900000 0.035846 0.025000
0 0.568934 0.925312 0.049632 0.029375
0 0.852482 0.844375 0.037684 0.016250
0 0.823989 0.861250 0.045037 0.028750
0 0.119026 0.616250 0.043199 0.027500
0 0.023438 0.625313 0.045037 0.021875
0 0.417739 0.173437 0.048713 0.031875
0 0.074449 0.157188 0.055147 0.019375
0 0.829963 0.660937 0.044118 0.023125
0 0.659007 0.632188 0.062500 0.039375
