0 0.278182 0.453552 0.040000 0.087432
0 0.727273 0.467213 0.065455 0.092896
0 0.721818 0.270492 0.054545 0.071038
0 0.618182 0.060109 0.036364 0.065574
0 0.421818 0.090164 0.109091 0.136612
0 0.836364 0.390710 0.050909 0.180328
0 0.794545 0.882514 0.032727 0.060109
0 0.825455 0.767760 0.072727 0.071038
0 0.707273 0.672131 0.032727 0.054645
0 0.769091 0.688525 0.040000 0.076503
0 0.467273 0.655738 0.061818 0.087432
0 0.590909 0.969945 0.054545 0.060109
0 0.263636 0.691257 0.083636 0.103825
0 0.170909 0.620219 0.050909 0.049180
0 0.269091 0.101093 0.050909 0.049180
