0 0.361818 0.232240 0.032727 0.060109
0 0.420000 0.196721 0.025455 0.032787
0 0.425455 0.265027 0.036364 0.049180
0 0.327273 0.377049 0.021818 0.021858
0 0.629091 0.385246 0.029091 0.049180
0 0.570909 0.412568 0.043636 0.038251
0 0.585455 0.357923 0.021818 0.038251
0 0.412727 0.426230 0.032727 0.043716
0 0.561818 0.562842 0.040000 0.032787
0 0.590909 0.603825 0.040000 0.038251
0 0.609091 0.543716 0.025455 0.049180
0 0.689091 0.521858 0.032727 0.060109
0 0.705455 0.431694 0.036364 0.065574
0 0.661818 0.278689 0.029091 0.054645
0 0.616364 0.306011 0.032727 0.043716
0 0.700000 0.316940 0.032727 0.032787
0 0.830909 0.587432 0.025455 0.038251
0 0.430909 0.647541 0.069091 0.092896
0 0.570909 0.259563 0.029091 0.038251
0 0.489091 0.275956 0.032727 0.060109
0 0.478182 0.349727 0.025455 0.032787
0 0.838182 0.270492 0.032727 0.038251
