0 0.141509 0.531579 0.056604 0.084211
0 0.224528 0.534211 0.049057 0.078947
0 0.407547 0.468421 0.045283 0.052632
0 0.164151 0.663158 0.056604 0.073684
0 0.094340 0.210526 0.052830 0.063158
0 0.177358 0.142105 0.067925 0.105263
0 0.618868 0.594737 0.060377 0.084211
0 0.850943 0.323684 0.056604 0.068421
0 0.930189 0.189474 0.056604 0.094737
0 0.901887 0.065789 0.045283 0.057895
0 0.694340 0.602632 0.067925 0.089474
0 0.771698 0.592105 0.064151 0.089474
0 0.826415 0.494737 0.030189 0.063158
0 0.375472 0.847368 0.056604 0.052632
0 0.613208 0.765789 0.056604 0.036842
0 0.407547 0.750000 0.052830 0.089474
0 0.671698 0.921053 0.060377 0.126316
0 0.224528 0.965789 0.049057 0.057895
0 0.096226 0.823684 0.086792 0.078947
