0 0.269207 0.282727 0.030856 0.016364
0 0.201826 0.243939 0.068640 0.044242
0 0.136020 0.166061 0.042821 0.029091
0 0.423804 0.157576 0.069270 0.071515
0 0.509761 0.180606 0.032116 0.038788
0 0.394521 0.574545 0.058564 0.041212
0 0.210642 0.074545 0.037154 0.027879
0 0.203401 0.879091 0.062972 0.072121
0 0.432620 0.884545 0.051637 0.057576
0 0.678841 0.926970 0.051637 0.075758
0 0.672229 0.806061 0.096348 0.084848
0 0.062657 0.378485 0.038413 0.020000
0 0.041247 0.411515 0.035894 0.029091
0 0.093829 0.423030 0.032746 0.027879
0 0.193640 0.356970 0.028338 0.032727
0 0.548489 0.363030 0.049118 0.059394
0 0.130668 0.036061 0.034635 0.035758
0 0.227960 0.028788 0.040302 0.043030
0 0.602960 0.154545 0.034635 0.030303
0 0.702141 0.193030 0.023929 0.024848
0 0.634446 0.273333 0.037154 0.021818
0 0.751574 0.074848 0.037154 0.041818
0 0.626259 0.431818 0.067380 0.055152
0 0.671599 0.600000 0.034635 0.031515
0 0.731738 0.511515 0.040302 0.032727
0 0.781486 0.616364 0.034005 0.030303
0 0.835957 0.629697 0.019521 0.027879
0 0.894521 0.638485 0.028338 0.026061
0 0.794710 0.707879 0.040302 0.031515
0 0.848866 0.883030 0.040302 0.049697
0 0.787469 0.933030 0.028338 0.033333
0 0.271096 0.776667 0.058564 0.045455
