0 0.225806 0.187500 0.082949 0.073276
0 0.426267 0.094828 0.105991 0.094828
0 0.573733 0.122845 0.050691 0.038793
0 0.917051 0.101293 0.092166 0.099138
0 0.235023 0.310345 0.110599 0.103448
0 0.036866 0.497845 0.064516 0.073276
0 0.013825 0.631466 0.018433 0.038793
0 0.179724 0.629310 0.046083 0.034483
0 0.076037 0.752155 0.050691 0.047414
0 0.370968 0.670259 0.050691 0.056034
0 0.341014 0.745690 0.046083 0.043103
0 0.463134 0.922414 0.078341 0.051724
0 0.179724 0.773707 0.073733 0.073276
0 0.435484 0.655172 0.041475 0.043103
0 0.474654 0.698276 0.046083 0.043103
0 0.523041 0.683190 0.050691 0.056034
0 0.675115 0.497845 0.078341 0.133621
0 0.781106 0.573276 0.096774 0.077586
0 0.500000 0.295259 0.059908 0.107759
0 0.400922 0.372845 0.073733 0.090517
0 0.412442 0.443966 0.078341 0.060345
0 0.585253 0.394397 0.046083 0.038793
0 0.092166 0.086207 0.073733 0.051724
0 0.589862 0.196121 0.064516 0.038793
