0 0.040084 0.447861 0.037975 0.066845
0 0.043249 0.530749 0.035865 0.050802
0 0.145570 0.457219 0.029536 0.037433
0 0.183544 0.457219 0.021097 0.037433
0 0.111814 0.323529 0.025316 0.037433
0 0.235232 0.294118 0.040084 0.069519
0 0.272152 0.362299 0.037975 0.056150
0 0.333333 0.366310 0.025316 0.032086
0 0.319620 0.406417 0.031646 0.026738
0 0.342827 0.298128 0.035865 0.034759
0 0.412447 0.343583 0.052743 0.050802
0 0.468354 0.358289 0.050633 0.069519
0 0.425105 0.256684 0.031646 0.037433
0 0.482068 0.216578 0.052743 0.058824
0 0.395570 0.164439 0.027426 0.034759
0 0.514768 0.132353 0.071730 0.125668
0 0.590717 0.133690 0.025316 0.032086
0 0.592827 0.231283 0.029536 0.040107
0 0.583333 0.295455 0.031646 0.056150
0 0.577004 0.399733 0.052743 0.088235
0 0.657173 0.271390 0.027426 0.034759
0 0.521097 0.385027 0.029536 0.037433
0 0.285865 0.486631 0.018987 0.026738
0 0.222574 0.506684 0.040084 0.040107
0 0.223629 0.451872 0.025316 0.026738
0 0.165612 0.516043 0.044304 0.048128
0 0.059072 0.589572 0.029536 0.029412
0 0.094937 0.624332 0.046414 0.050802
0 0.033755 0.684492 0.042194 0.048128
0 0.046414 0.737968 0.037975 0.053476
0 0.217300 0.647059 0.063291 0.058824
0 0.317511 0.633690 0.061181 0.106952
0 0.318565 0.525401 0.042194 0.045455
0 0.450422 0.622995 0.044304 0.058824
0 0.514768 0.679144 0.033755 0.042781
0 0.563291 0.719251 0.071730 0.096257
0 0.568565 0.580214 0.061181 0.058824
0 0.613924 0.533422 0.046414 0.050802
0 0.641350 0.576203 0.050633 0.050802
0 0.722574 0.538770 0.052743 0.066845
0 0.844937 0.530749 0.061181 0.072193
0 0.808017 0.637701 0.042194 0.056150
0 0.845992 0.799465 0.050633 0.096257
0 0.977848 0.711230 0.035865 0.058824
0 0.916667 0.665775 0.048523 0.053476
0 0.909283 0.790107 0.029536 0.040107
0 0.960970 0.838235 0.031646 0.050802
0 0.943038 0.925134 0.033755 0.037433
0 0.531646 0.875668 0.042194 0.034759
0 0.417722 0.770053 0.042194 0.048128
0 0.401899 0.893048 0.086498 0.074866
0 0.169831 0.172460 0.031646 0.040107
0 0.199367 0.128342 0.027426 0.032086
0 0.310127 0.082888 0.046414 0.042781
0 0.383966 0.034759 0.054852 0.032086
0 0.642405 0.046791 0.027426 0.034759
0 0.720464 0.038770 0.027426 0.024064
0 0.762658 0.133690 0.035865 0.037433
0 0.771097 0.180481 0.052743 0.045455
0 0.256329 0.826203 0.031646 0.037433
0 0.290084 0.774064 0.014768 0.029412
0 0.174051 0.745989 0.023207 0.026738
0 0.182489 0.794118 0.035865 0.042781
