0 0.384170 0.356410 0.073359 0.097436
0 0.249035 0.507692 0.057915 0.051282
0 0.343629 0.543590 0.046332 0.030769
0 0.447876 0.410256 0.038610 0.061538
0 0.544402 0.412821 0.061776 0.087179
0 0.478764 0.507692 0.030888 0.041026
0 0.183398 0.733333 0.088803 0.112821
0 0.281853 0.769231 0.054054 0.061538
0 0.368726 0.738462 0.050193 0.082051
0 0.501931 0.666667 0.061776 0.153846
0 0.559846 0.523077 0.061776 0.092308
0 0.642857 0.535897 0.065637 0.097436
0 0.766409 0.502564 0.042471 0.061538
0 0.851351 0.587179 0.081081 0.097436
