0 0.864286 0.220833 0.080952 0.066667
0 0.471429 0.208333 0.057143 0.033333
0 0.254762 0.233333 0.052381 0.050000
0 0.159524 0.185417 0.033333 0.037500
0 0.285714 0.310417 0.028571 0.037500
0 0.778571 0.333333 0.052381 0.066667
0 0.419048 0.320833 0.057143 0.033333
0 0.264286 0.127083 0.042857 0.037500
0 0.623810 0.456250 0.057143 0.045833
0 0.554762 0.370833 0.033333 0.025000
0 0.464286 0.393750 0.052381 0.054167
0 0.352381 0.393750 0.038095 0.037500
0 0.376190 0.458333 0.038095 0.041667
0 0.223810 0.372917 0.038095 0.037500
0 0.330952 0.108333 0.071429 0.041667
0 0.402381 0.058333 0.052381 0.041667
0 0.133333 0.525000 0.028571 0.025000
0 0.285714 0.545833 0.047619 0.041667
0 0.492857 0.629167 0.109524 0.050000
0 0.895238 0.572917 0.066667 0.054167
0 0.602381 0.152083 0.042857 0.037500
0 0.628571 0.860417 0.047619 0.045833
0 0.578571 0.770833 0.033333 0.025000
0 0.428571 0.716667 0.057143 0.050000
0 0.392857 0.664583 0.023810 0.037500
0 0.283333 0.785417 0.061905 0.045833
0 0.928571 0.852083 0.038095 0.029167
0 0.726190 0.733333 0.042857 0.041667
0 0.888095 0.937500 0.033333 0.033333
