0 0.495652 0.489726 0.040580 0.089041
0 0.597101 0.455479 0.040580 0.102740
0 0.366667 0.232877 0.037681 0.082192
0 0.342029 0.078767 0.040580 0.089041
0 0.623188 0.078767 0.028986 0.061644
0 0.734783 0.397260 0.049275 0.095890
0 0.694203 0.530822 0.043478 0.061644
0 0.427536 0.845890 0.037681 0.075342
0 0.491304 0.852740 0.055072 0.102740
0 0.475362 0.965753 0.040580 0.054795
0 0.594203 0.955479 0.046377 0.061644
0 0.626087 0.869863 0.052174 0.082192
0 0.866667 0.178082 0.023188 0.054795
0 0.857971 0.695205 0.017391 0.075342
0 0.905797 0.602740 0.037681 0.082192
