0 0.315574 0.427140 0.019126 0.020036
0 0.362022 0.319672 0.027322 0.034608
0 0.498634 0.524590 0.027322 0.040073
0 0.481557 0.344262 0.034153 0.043716
0 0.419399 0.299636 0.038251 0.045537
0 0.543033 0.232240 0.025956 0.038251
0 0.583333 0.246812 0.027322 0.027322
0 0.601776 0.219490 0.025956 0.023679
0 0.478825 0.427140 0.039617 0.049180
0 0.594262 0.484517 0.021858 0.032787
0 0.586749 0.440801 0.069672 0.036430
0 0.607923 0.391621 0.035519 0.032787
0 0.489754 0.580146 0.017760 0.020036
0 0.495219 0.603825 0.025956 0.020036
0 0.512295 0.579235 0.016393 0.021858
0 0.548497 0.610200 0.025956 0.029144
0 0.593579 0.595628 0.036885 0.072860
0 0.375000 0.480874 0.017760 0.025501
0 0.351093 0.419854 0.024590 0.085610
0 0.390710 0.435337 0.019126 0.025501
0 0.409153 0.468124 0.015027 0.014572
0 0.698770 0.550091 0.028689 0.040073
0 0.680328 0.489982 0.035519 0.047359
0 0.661885 0.408925 0.034153 0.049180
0 0.508880 0.691257 0.023224 0.030965
0 0.446721 0.654827 0.024590 0.034608
0 0.444672 0.857013 0.031421 0.030965
