0 0.240000 0.391111 0.044444 0.080000
0 0.342222 0.484444 0.088889 0.062222
0 0.328889 0.417778 0.062222 0.053333
0 0.433333 0.440000 0.057778 0.053333
0 0.606667 0.515556 0.040000 0.062222
0 0.368889 0.291111 0.062222 0.057778
0 0.297778 0.235556 0.053333 0.044444
0 0.313333 0.155556 0.102222 0.071111
0 0.380000 0.231111 0.057778 0.044444
0 0.435556 0.233333 0.035556 0.031111
0 0.500000 0.173333 0.048889 0.053333
0 0.517778 0.242222 0.066667 0.048889
0 0.573333 0.273333 0.062222 0.075556
0 0.655556 0.231111 0.057778 0.062222
0 0.631111 0.360000 0.053333 0.062222
0 0.684444 0.380000 0.035556 0.048889
0 0.460000 0.880000 0.057778 0.062222
0 0.631111 0.768889 0.035556 0.062222
