0 0.174863 0.494545 0.131148 0.050909
0 0.428962 0.494545 0.081967 0.058182
0 0.459016 0.554545 0.076503 0.040000
0 0.289617 0.594545 0.043716 0.025455
0 0.385246 0.318182 0.049180 0.032727
0 0.316940 0.212727 0.098361 0.047273
0 0.557377 0.220000 0.076503 0.054545
0 0.696721 0.187273 0.081967 0.040000
0 0.527322 0.380000 0.071038 0.040000
0 0.592896 0.381818 0.038251 0.021818
0 0.672131 0.438182 0.032787 0.032727
0 0.434426 0.729091 0.049180 0.025455
0 0.439891 0.663636 0.049180 0.032727
0 0.232240 0.672727 0.071038 0.036364
0 0.314208 0.770909 0.114754 0.050909
0 0.480874 0.783636 0.098361 0.032727
0 0.800546 0.678182 0.071038 0.047273
