0 0.326546 0.411133 0.031894 0.038411
0 0.500736 0.362305 0.026987 0.025391
0 0.474239 0.340169 0.026987 0.034505
0 0.758587 0.210286 0.032385 0.046875
0 0.614573 0.186198 0.027969 0.032552
0 0.491413 0.105143 0.026987 0.026693
0 0.444308 0.292643 0.022080 0.029297
0 0.798086 0.194010 0.022080 0.027344
0 0.734789 0.146484 0.016192 0.031250
0 0.799068 0.138672 0.009323 0.018229
0 0.705348 0.139323 0.016192 0.016927
0 0.445780 0.530924 0.022080 0.021484
0 0.387635 0.465820 0.015702 0.024089
0 0.279686 0.702474 0.023553 0.032552
0 0.436703 0.718750 0.018646 0.023438
0 0.442345 0.734375 0.012267 0.011719
0 0.516683 0.776042 0.024534 0.039062
0 0.522816 0.723633 0.012267 0.018880
0 0.586359 0.809570 0.023553 0.029297
0 0.697743 0.717773 0.020608 0.034505
0 0.730373 0.745768 0.028950 0.034505
0 0.571394 0.613607 0.026006 0.027995
0 0.535819 0.563151 0.025515 0.024740
0 0.303238 0.905924 0.019627 0.025391
0 0.297350 0.944661 0.017664 0.013021
0 0.326055 0.982422 0.023062 0.028646
0 0.361629 0.968099 0.018646 0.026042
0 0.411433 0.967773 0.015211 0.018880
0 0.513248 0.963867 0.029441 0.024089
0 0.639598 0.925781 0.020118 0.019531
0 0.703386 0.927083 0.022080 0.023438
0 0.821639 0.700195 0.013248 0.024089
0 0.807164 0.402995 0.020608 0.023438
0 0.407262 0.170247 0.023553 0.022786
0 0.390579 0.062174 0.024534 0.024089
0 0.397939 0.041667 0.021590 0.028646
0 0.427380 0.020508 0.017664 0.022786
0 0.320903 0.106120 0.019627 0.033854
0 0.261286 0.511719 0.013248 0.019531
0 0.241168 0.533854 0.022080 0.024740
0 0.670020 0.167643 0.012267 0.021484
0 0.507115 0.217448 0.017174 0.015625
0 0.104760 0.254232 0.019136 0.021484
0 0.142787 0.879557 0.022571 0.026042
0 0.540481 0.294596 0.017174 0.021484
0 0.412905 0.335612 0.017174 0.021484
0 0.355986 0.284831 0.017174 0.021484
0 0.195535 0.264323 0.025025 0.039062
0 0.510795 0.174154 0.016683 0.024089
0 0.494112 0.144531 0.018646 0.019531
0 0.529195 0.157878 0.017174 0.017578
0 0.494848 0.046549 0.025025 0.025391
0 0.452895 0.079102 0.029441 0.042318
0 0.597399 0.024740 0.026006 0.020833
0 0.670265 0.088867 0.036310 0.048828
0 0.094701 0.861979 0.019627 0.016927
0 0.105986 0.887695 0.014720 0.016276
0 0.107458 0.935221 0.014720 0.022786
0 0.747056 0.470052 0.023062 0.032552
0 0.761776 0.510742 0.016192 0.016276
0 0.702895 0.490560 0.021099 0.035807
0 0.717861 0.320312 0.009814 0.019531
0 0.782630 0.349284 0.013739 0.020182
0 0.174190 0.212565 0.018646 0.013672
0 0.174436 0.188151 0.012267 0.013021
0 0.658734 0.550456 0.026006 0.024089
0 0.545142 0.500000 0.016683 0.018229
0 0.372179 0.845052 0.017174 0.024740
0 0.402355 0.806315 0.015702 0.022786
0 0.351816 0.701172 0.018646 0.039062
0 0.269872 0.866211 0.038273 0.037109
0 0.802257 0.759440 0.030422 0.033203
0 0.537782 0.891276 0.011776 0.019531
0 0.178852 0.918294 0.016192 0.021484
0 0.169774 0.862956 0.014720 0.017578
