0 0.230000 0.535714 0.026667 0.047619
0 0.190000 0.625000 0.033333 0.035714
0 0.141667 0.886905 0.036667 0.071429
0 0.320000 0.663690 0.040000 0.041667
0 0.380000 0.636905 0.026667 0.035714
0 0.413333 0.565476 0.026667 0.035714
0 0.415000 0.163690 0.043333 0.077381
0 0.261667 0.398810 0.023333 0.035714
0 0.530000 0.247024 0.053333 0.125000
0 0.478333 0.449405 0.043333 0.077381
0 0.488333 0.877976 0.030000 0.053571
0 0.491667 0.958333 0.030000 0.059524
0 0.311667 0.946429 0.050000 0.083333
0 0.255000 0.857143 0.056667 0.047619
0 0.193333 0.889881 0.040000 0.065476
0 0.456667 0.666667 0.033333 0.130952
