0 0.638393 0.357143 0.044643 0.053571
0 0.457589 0.189732 0.040179 0.040179
0 0.194196 0.464286 0.049107 0.026786
0 0.613839 0.488839 0.049107 0.031250
0 0.607143 0.419643 0.026786 0.035714
0 0.845982 0.162946 0.040179 0.040179
0 0.558036 0.093750 0.062500 0.026786
0 0.517857 0.055804 0.062500 0.058036
0 0.428571 0.607143 0.035714 0.053571
0 0.174107 0.837054 0.071429 0.066964
0 0.254464 0.770089 0.026786 0.031250
0 0.287946 0.772321 0.031250 0.035714
0 0.377232 0.696429 0.031250 0.044643
0 0.415179 0.696429 0.035714 0.035714
0 0.448661 0.669643 0.049107 0.044643
0 0.497768 0.660714 0.031250 0.026786
0 0.531250 0.611607 0.026786 0.035714
0 0.569196 0.595982 0.040179 0.049107
0 0.587054 0.696429 0.049107 0.044643
0 0.660714 0.658482 0.044643 0.040179
0 0.732143 0.558036 0.035714 0.044643
0 0.669643 0.551339 0.044643 0.040179
0 0.736607 0.212054 0.044643 0.049107
0 0.363839 0.281250 0.049107 0.044643
0 0.062500 0.370536 0.044643 0.035714
0 0.600446 0.810268 0.040179 0.058036
0 0.687500 0.868304 0.044643 0.049107
0 0.674107 0.808036 0.053571 0.062500
0 0.810268 0.850446 0.031250 0.031250
0 0.743304 0.649554 0.049107 0.031250
0 0.712054 0.459821 0.084821 0.062500
