0 0.327759 0.333333 0.053512 0.095238
0 0.546823 0.199405 0.050167 0.065476
0 0.366221 0.214286 0.056856 0.083333
0 0.294314 0.119048 0.033445 0.083333
0 0.178930 0.437500 0.036789 0.029762
0 0.060201 0.508929 0.073579 0.101190
0 0.239130 0.485119 0.043478 0.065476
0 0.433110 0.571429 0.083612 0.178571
0 0.563545 0.491071 0.103679 0.160714
0 0.749164 0.196429 0.093645 0.297619
0 0.668896 0.553571 0.080268 0.083333
0 0.760870 0.824405 0.083612 0.172619
0 0.717391 0.931548 0.103679 0.101190
0 0.821070 0.479167 0.063545 0.101190
0 0.419732 0.904762 0.056856 0.107143
0 0.561873 0.726190 0.060201 0.107143
0 0.550167 0.934524 0.090301 0.119048
0 0.525084 0.047619 0.060201 0.071429
