0 0.146774 0.153030 0.041935 0.069697
0 0.449194 0.196970 0.056452 0.090909
0 0.309677 0.227273 0.032258 0.048485
0 0.280645 0.322727 0.025806 0.045455
0 0.314516 0.378788 0.041935 0.054545
0 0.492742 0.343939 0.046774 0.100000
0 0.384677 0.450000 0.030645 0.039394
0 0.453226 0.527273 0.048387 0.072727
0 0.370968 0.587879 0.019355 0.030303
0 0.287097 0.568182 0.025806 0.051515
0 0.266935 0.701515 0.046774 0.069697
0 0.387903 0.680303 0.027419 0.051515
0 0.420161 0.713636 0.046774 0.075758
0 0.356452 0.746970 0.032258 0.051515
0 0.383065 0.783333 0.020968 0.039394
0 0.327419 0.830303 0.032258 0.042424
0 0.254032 0.865152 0.033871 0.039394
0 0.337097 0.869697 0.035484 0.042424
0 0.272581 0.930303 0.025806 0.042424
0 0.239516 0.907576 0.040323 0.033333
0 0.222581 0.959091 0.035484 0.051515
0 0.315323 0.972727 0.020968 0.054545
0 0.441129 0.822727 0.033871 0.057576
0 0.508871 0.893939 0.056452 0.072727
0 0.507258 0.950000 0.024194 0.039394
0 0.538710 0.954545 0.041935 0.066667
0 0.535484 0.778788 0.035484 0.060606
0 0.529839 0.696970 0.030645 0.042424
0 0.591129 0.609091 0.046774 0.084848
0 0.603226 0.746970 0.032258 0.093939
0 0.518548 0.471212 0.014516 0.039394
0 0.636290 0.530303 0.040323 0.066667
0 0.637903 0.462121 0.033871 0.051515
0 0.574194 0.369697 0.022581 0.054545
0 0.682258 0.357576 0.032258 0.072727
0 0.645161 0.271212 0.019355 0.033333
0 0.485484 0.060606 0.029032 0.048485
0 0.508065 0.109091 0.025806 0.030303
0 0.645161 0.104545 0.029032 0.081818
0 0.752419 0.165152 0.046774 0.130303
0 0.736290 0.427273 0.027419 0.109091
0 0.689516 0.572727 0.030645 0.060606
0 0.689516 0.660606 0.024194 0.048485
0 0.658065 0.713636 0.032258 0.063636
0 0.658065 0.793939 0.032258 0.048485
0 0.673387 0.850000 0.053226 0.087879
0 0.730645 0.675758 0.025806 0.048485
0 0.725000 0.753030 0.040323 0.106061
0 0.697581 0.933333 0.020968 0.054545
0 0.669355 0.972727 0.022581 0.054545
0 0.825000 0.353030 0.043548 0.106061
0 0.834677 0.043939 0.033871 0.075758
0 0.712097 0.060606 0.024194 0.048485
0 0.822581 0.501515 0.035484 0.063636
0 0.866935 0.468182 0.046774 0.081818
0 0.906452 0.360606 0.025806 0.054545
0 0.908871 0.430303 0.033871 0.078788
0 0.939516 0.389394 0.020968 0.063636
0 0.921774 0.207576 0.014516 0.045455
0 0.945968 0.163636 0.024194 0.048485
0 0.968548 0.242424 0.020968 0.060606
0 0.985484 0.404545 0.019355 0.051515
0 0.934677 0.515152 0.020968 0.048485
0 0.955645 0.545455 0.020968 0.060606
0 0.975000 0.533333 0.017742 0.042424
0 0.919355 0.553030 0.016129 0.039394
0 0.873387 0.577273 0.024194 0.051515
0 0.902419 0.624242 0.027419 0.066667
0 0.824194 0.627273 0.029032 0.066667
0 0.842742 0.706061 0.014516 0.042424
0 0.864516 0.671212 0.016129 0.051515
0 0.858065 0.746970 0.029032 0.069697
0 0.884677 0.778788 0.027419 0.054545
0 0.914516 0.750000 0.016129 0.033333
0 0.941129 0.672727 0.017742 0.036364
0 0.795968 0.784848 0.017742 0.030303
0 0.762903 0.878788 0.019355 0.048485
0 0.815323 0.860606 0.024194 0.060606
0 0.835484 0.827273 0.016129 0.048485
0 0.837903 0.927273 0.024194 0.042424
0 0.878226 0.927273 0.027419 0.060606
0 0.894355 0.975758 0.027419 0.042424
0 0.766935 0.954545 0.020968 0.054545
0 0.800806 0.980303 0.043548 0.039394
0 0.931452 0.837879 0.020968 0.039394
0 0.951613 0.777273 0.029032 0.057576
0 0.955645 0.937879 0.020968 0.045455
0 0.965323 0.883333 0.020968 0.063636
0 0.281452 0.024242 0.020968 0.024242
0 0.532258 0.183333 0.032258 0.057576
0 0.586290 0.165152 0.027419 0.081818
0 0.537097 0.024242 0.022581 0.042424
0 0.803226 0.278788 0.019355 0.030303
0 0.362903 0.945455 0.029032 0.042424
