0 0.349219 0.653750 0.023438 0.082500
0 0.314844 0.741250 0.039062 0.037500
0 0.468750 0.672500 0.028125 0.045000
0 0.477344 0.628750 0.023438 0.032500
0 0.507812 0.577500 0.037500 0.080000
0 0.410156 0.538750 0.029687 0.042500
0 0.507812 0.463750 0.031250 0.032500
0 0.526563 0.358750 0.025000 0.032500
0 0.646875 0.845000 0.028125 0.040000
0 0.674219 0.931250 0.029687 0.052500
0 0.433594 0.930000 0.035937 0.040000
0 0.733594 0.963750 0.020313 0.032500
0 0.678125 0.428750 0.028125 0.032500
0 0.643750 0.587500 0.025000 0.045000
0 0.567969 0.718750 0.029687 0.042500
0 0.538281 0.258750 0.051562 0.072500
