0 0.500000 0.170300 0.035659 0.038147
0 0.527132 0.173025 0.021705 0.024523
0 0.188372 0.263624 0.032558 0.025886
0 0.208527 0.305858 0.041860 0.036785
0 0.271318 0.303134 0.031008 0.031335
0 0.324031 0.288147 0.037209 0.031335
0 0.318605 0.238420 0.026357 0.024523
0 0.346512 0.238420 0.032558 0.024523
0 0.382171 0.260899 0.029457 0.020436
0 0.421705 0.299046 0.034109 0.031335
0 0.506202 0.254768 0.041860 0.032698
0 0.257364 0.088556 0.018605 0.029973
0 0.201550 0.124659 0.027907 0.025886
0 0.174419 0.111717 0.032558 0.029973
0 0.528682 0.054496 0.027907 0.035422
0 0.483721 0.043597 0.034109 0.032698
0 0.368217 0.063351 0.035659 0.028610
0 0.310078 0.057902 0.043411 0.028610
0 0.287597 0.034060 0.041860 0.021798
0 0.048062 0.199591 0.037209 0.025886
0 0.210078 0.173025 0.038760 0.029973
0 0.223256 0.207766 0.062016 0.034060
0 0.156589 0.198910 0.040310 0.029973
0 0.289922 0.177112 0.037209 0.038147
0 0.336434 0.177793 0.031008 0.028610
0 0.381395 0.169619 0.046512 0.034060
0 0.132558 0.279292 0.048062 0.043597
0 0.190698 0.034060 0.037209 0.032698
0 0.601550 0.071526 0.043411 0.036785
0 0.547287 0.119210 0.034109 0.028610
0 0.644186 0.126022 0.048062 0.042234
0 0.437984 0.131471 0.041860 0.039510
0 0.690698 0.050409 0.026357 0.029973
0 0.668992 0.017711 0.029457 0.024523
0 0.627132 0.025204 0.029457 0.025886
0 0.748837 0.055177 0.024806 0.025886
0 0.761240 0.096049 0.043411 0.039510
0 0.650388 0.231608 0.048062 0.043597
0 0.567442 0.208447 0.040310 0.049046
0 0.505426 0.209128 0.034109 0.034060
0 0.455814 0.260899 0.037209 0.034060
0 0.751163 0.215940 0.020155 0.023161
0 0.687597 0.226158 0.020155 0.019074
0 0.727132 0.179155 0.024806 0.023161
0 0.840310 0.045640 0.018605 0.028610
0 0.687597 0.138965 0.020155 0.024523
0 0.424806 0.065395 0.027907 0.027248
0 0.355039 0.128747 0.034109 0.014986
0 0.874419 0.159401 0.027907 0.016349
0 0.841860 0.076975 0.027907 0.028610
0 0.913953 0.123978 0.032558 0.024523
0 0.946512 0.173025 0.026357 0.013624
0 0.948062 0.207084 0.041860 0.027248
0 0.814729 0.293597 0.023256 0.028610
0 0.751938 0.261580 0.052713 0.040872
0 0.840310 0.228202 0.031008 0.031335
0 0.810078 0.179155 0.038760 0.039510
0 0.666667 0.331063 0.031008 0.029973
0 0.949612 0.330381 0.029457 0.031335
0 0.898450 0.270436 0.035659 0.034060
0 0.854264 0.339918 0.027907 0.020436
0 0.748837 0.368529 0.037209 0.034060
0 0.789922 0.338556 0.029457 0.025886
0 0.590698 0.363079 0.031008 0.028610
0 0.506977 0.318801 0.027907 0.024523
0 0.496899 0.354223 0.044961 0.027248
0 0.341860 0.377384 0.038760 0.027248
0 0.290698 0.348774 0.044961 0.035422
0 0.758915 0.157357 0.032558 0.031335
0 0.496899 0.136240 0.035659 0.021798
0 0.248062 0.250000 0.018605 0.017711
0 0.156589 0.344687 0.027907 0.021798
0 0.158915 0.383515 0.035659 0.039510
0 0.365891 0.418256 0.021705 0.021798
0 0.425581 0.402589 0.026357 0.020436
0 0.541860 0.418937 0.044961 0.042234
0 0.479845 0.441417 0.026357 0.019074
0 0.603876 0.442098 0.026357 0.028610
0 0.734109 0.452997 0.029457 0.055858
0 0.630233 0.381471 0.038760 0.040872
0 0.579845 0.265668 0.043411 0.046322
0 0.832558 0.390327 0.021705 0.025886
0 0.805426 0.429837 0.041860 0.034060
0 0.843411 0.446866 0.034109 0.038147
0 0.805426 0.576294 0.054264 0.035422
0 0.701550 0.507493 0.023256 0.031335
0 0.646512 0.497275 0.034109 0.032698
0 0.500775 0.493869 0.021705 0.025886
0 0.524806 0.482970 0.020155 0.017711
0 0.548837 0.506131 0.018605 0.017711
0 0.320930 0.511580 0.037209 0.025886
0 0.251938 0.431199 0.032558 0.028610
0 0.268992 0.406676 0.035659 0.017711
0 0.211628 0.401226 0.029457 0.025886
0 0.958915 0.368529 0.026357 0.017711
0 0.874419 0.451635 0.031008 0.034060
0 0.637984 0.570163 0.023256 0.031335
0 0.661240 0.560627 0.026357 0.031335
0 0.613178 0.566757 0.032558 0.021798
0 0.606202 0.597411 0.037209 0.020436
0 0.548062 0.572207 0.048062 0.032698
0 0.500775 0.535422 0.055814 0.029973
0 0.458915 0.604905 0.052713 0.040872
0 0.262791 0.584469 0.026357 0.016349
0 0.203876 0.574251 0.041860 0.036785
0 0.132558 0.608992 0.038760 0.029973
0 0.217054 0.477520 0.037209 0.028610
0 0.273643 0.475477 0.029457 0.024523
0 0.075194 0.654632 0.066667 0.047684
0 0.175969 0.747275 0.035659 0.028610
0 0.125581 0.715259 0.049612 0.046322
0 0.204651 0.641689 0.021705 0.027248
0 0.218605 0.673706 0.037209 0.025886
0 0.275969 0.610354 0.027907 0.016349
0 0.272868 0.633515 0.046512 0.038147
0 0.376744 0.621253 0.031008 0.024523
0 0.390698 0.649864 0.021705 0.021798
0 0.427132 0.654632 0.032558 0.031335
0 0.652713 0.605586 0.031008 0.023161
0 0.706202 0.598774 0.041860 0.028610
0 0.694574 0.692779 0.040310 0.039510
0 0.849612 0.603542 0.034109 0.029973
0 0.742636 0.538828 0.037209 0.028610
0 0.927132 0.649864 0.027907 0.029973
0 0.751938 0.693460 0.031008 0.024523
0 0.481395 0.709809 0.038760 0.038147
0 0.489922 0.665531 0.046512 0.042234
0 0.395349 0.755450 0.027907 0.034060
0 0.086047 0.492507 0.044961 0.031335
0 0.022481 0.346049 0.041860 0.062670
0 0.110078 0.764986 0.024806 0.020436
0 0.040310 0.723433 0.034109 0.029973
0 0.285271 0.717984 0.040310 0.035422
0 0.217054 0.790872 0.018605 0.014986
0 0.180620 0.788828 0.044961 0.038147
0 0.186822 0.818120 0.038760 0.031335
0 0.284496 0.818120 0.029457 0.020436
0 0.435659 0.825613 0.031008 0.024523
0 0.540310 0.760899 0.023256 0.025886
0 0.520930 0.705041 0.018605 0.017711
0 0.933333 0.574932 0.037209 0.032698
0 0.825581 0.510899 0.041860 0.035422
0 0.811628 0.781335 0.017054 0.020436
0 0.917054 0.732970 0.063566 0.062670
0 0.600000 0.764986 0.027907 0.020436
0 0.511628 0.909401 0.021705 0.023161
0 0.456589 0.884196 0.023256 0.024523
0 0.417829 0.924387 0.041860 0.036785
0 0.295349 0.887602 0.035659 0.025886
0 0.282171 0.778610 0.015504 0.025886
0 0.255814 0.752044 0.012403 0.016349
0 0.608527 0.803815 0.029457 0.029973
0 0.675194 0.801771 0.026357 0.028610
0 0.839535 0.667575 0.038760 0.027248
0 0.982946 0.469346 0.034109 0.036785
0 0.400775 0.344687 0.017054 0.027248
0 0.062791 0.086512 0.035659 0.031335
0 0.413953 0.504087 0.021705 0.024523
0 0.364341 0.491144 0.031008 0.031335
0 0.101550 0.546322 0.017054 0.019074
0 0.562791 0.846730 0.024806 0.036785
0 0.500000 0.826975 0.032558 0.021798
0 0.475194 0.774523 0.051163 0.047684
0 0.343411 0.817439 0.035659 0.021798
0 0.836434 0.739782 0.010853 0.016349
0 0.702326 0.733651 0.046512 0.036785
0 0.593023 0.639646 0.044961 0.042234
0 0.600775 0.318801 0.026357 0.013624
