0 0.322394 0.445876 0.042471 0.077320
0 0.436293 0.317010 0.054054 0.067010
0 0.513514 0.350515 0.069498 0.103093
0 0.575290 0.487113 0.054054 0.067010
0 0.361004 0.634021 0.065637 0.072165
0 0.484556 0.670103 0.057915 0.082474
0 0.291506 0.850515 0.057915 0.082474
0 0.353282 0.943299 0.042471 0.061856
0 0.532819 0.878866 0.046332 0.087629
0 0.785714 0.907216 0.081081 0.092784
0 0.932432 0.814433 0.042471 0.072165
0 0.812741 0.657216 0.027027 0.067010
0 0.731660 0.701031 0.050193 0.082474
0 0.700772 0.592784 0.050193 0.061856
