0 0.244681 0.513060 0.117021 0.063433
0 0.130319 0.468284 0.058511 0.041045
0 0.361702 0.455224 0.095745 0.022388
0 0.119681 0.382463 0.069149 0.041045
0 0.175532 0.423507 0.106383 0.033582
0 0.372340 0.389925 0.138298 0.078358
0 0.436170 0.555970 0.106383 0.044776
0 0.531915 0.563433 0.053191 0.029851
0 0.361702 0.636194 0.074468 0.063433
0 0.542553 0.619403 0.234043 0.059701
0 0.462766 0.666045 0.042553 0.026119
0 0.563830 0.710821 0.127660 0.093284
0 0.449468 0.867537 0.058511 0.041045
0 0.457447 0.776119 0.117021 0.037313
0 0.292553 0.692164 0.085106 0.041045
0 0.651596 0.511194 0.122340 0.059701
0 0.808511 0.496269 0.074468 0.037313
0 0.430851 0.210821 0.085106 0.055970
