0 0.031852 0.704110 0.057778 0.136986
0 0.034815 0.828767 0.045926 0.063014
0 0.111852 0.789041 0.045926 0.060274
0 0.121481 0.846575 0.032593 0.043836
0 0.095556 0.969863 0.028148 0.038356
0 0.094815 0.586301 0.023704 0.043836
0 0.338519 0.417808 0.025185 0.046575
0 0.331852 0.327397 0.023704 0.052055
0 0.347407 0.243836 0.042963 0.065753
0 0.401481 0.275342 0.038519 0.079452
0 0.379259 0.375342 0.044444 0.076712
0 0.443704 0.260274 0.034074 0.054795
0 0.354815 0.161644 0.048889 0.060274
0 0.265185 0.401370 0.035556 0.041096
0 0.291111 0.339726 0.040000 0.060274
0 0.310370 0.256164 0.022222 0.095890
0 0.442963 0.360274 0.050370 0.073973
0 0.497778 0.328767 0.023704 0.049315
0 0.497037 0.389041 0.034074 0.049315
0 0.470370 0.443836 0.072593 0.049315
0 0.571111 0.386301 0.081481 0.060274
0 0.573333 0.469863 0.088889 0.079452
0 0.637037 0.415068 0.035556 0.112329
0 0.401481 0.484932 0.068148 0.104110
0 0.338519 0.498630 0.048889 0.093151
0 0.140000 0.464384 0.057778 0.052055
0 0.053333 0.505479 0.047407 0.084932
0 0.357778 0.605479 0.197037 0.104110
0 0.575556 0.564384 0.188148 0.093151
0 0.758519 0.498630 0.050370 0.098630
0 0.874074 0.495890 0.097778 0.093151
0 0.882963 0.424658 0.103704 0.060274
0 0.965185 0.549315 0.066667 0.150685
0 0.879259 0.615068 0.102222 0.117808
0 0.969630 0.739726 0.060741 0.202740
0 0.885926 0.754795 0.100741 0.145205
0 0.756296 0.624658 0.093333 0.109589
0 0.585926 0.689041 0.208889 0.123288
0 0.371852 0.727397 0.210370 0.128767
0 0.197037 0.690411 0.115556 0.136986
0 0.205185 0.841096 0.111111 0.147945
0 0.205185 0.958904 0.102222 0.071233
0 0.375556 0.845205 0.214815 0.090411
0 0.380000 0.949315 0.217778 0.090411
0 0.539259 0.880822 0.085926 0.227397
0 0.633333 0.882192 0.075556 0.224658
0 0.777037 0.797260 0.042963 0.065753
0 0.729630 0.890411 0.034074 0.076712
0 0.797037 0.923288 0.035556 0.060274
0 0.848148 0.875342 0.063704 0.052055
0 0.731852 0.695890 0.014815 0.054795
0 0.982222 0.912329 0.035556 0.115068
