0 0.221250 0.483660 0.042500 0.046685
0 0.181875 0.346872 0.025000 0.032680
0 0.150312 0.293651 0.025625 0.032680
0 0.115312 0.181139 0.026875 0.026144
0 0.109687 0.115313 0.029375 0.055089
0 0.061250 0.178805 0.027500 0.036415
0 0.051562 0.342670 0.029375 0.052288
0 0.455000 0.212885 0.032500 0.037348
0 0.307188 0.441643 0.016875 0.026144
0 0.051250 0.648459 0.020000 0.030812
0 0.153438 0.800654 0.031875 0.025210
0 0.063125 0.884687 0.020000 0.036415
0 0.225625 0.890756 0.025000 0.031746
0 0.269062 0.957049 0.030625 0.037348
0 0.349687 0.614846 0.023125 0.030812
0 0.429375 0.551821 0.021250 0.029879
0 0.604375 0.565359 0.032500 0.045752
0 0.719375 0.528945 0.023750 0.040149
0 0.725000 0.294585 0.017500 0.023343
0 0.856563 0.346872 0.014375 0.030812
0 0.566562 0.030345 0.016875 0.032680
0 0.645000 0.060691 0.017500 0.024276
0 0.359375 0.126984 0.017500 0.028011
0 0.838437 0.103175 0.028125 0.045752
0 0.753125 0.027077 0.018750 0.028011
0 0.843437 0.049020 0.023125 0.036415
0 0.579688 0.293651 0.023125 0.025210
0 0.706875 0.655929 0.026250 0.025210
0 0.926875 0.492530 0.015000 0.028945
0 0.953750 0.399160 0.016250 0.032680
0 0.152500 0.453782 0.012500 0.020542
0 0.121250 0.416900 0.013750 0.027077
0 0.073438 0.418301 0.026875 0.033613
0 0.353750 0.773576 0.031250 0.027077
0 0.852187 0.962652 0.016875 0.022409
0 0.641875 0.857143 0.020000 0.039216
0 0.929688 0.876284 0.029375 0.027077
0 0.533438 0.617647 0.018125 0.021475
