0 0.026408 0.062147 0.038732 0.112994
0 0.116197 0.098870 0.105634 0.163842
0 0.080986 0.302260 0.098592 0.107345
0 0.241197 0.070621 0.116197 0.129944
0 0.239437 0.217514 0.077465 0.073446
0 0.204225 0.375706 0.105634 0.084746
0 0.176056 0.511299 0.091549 0.152542
0 0.065141 0.536723 0.116197 0.169492
0 0.318662 0.225989 0.059859 0.135593
0 0.735915 0.302260 0.035211 0.039548
0 0.697183 0.378531 0.028169 0.045198
0 0.596831 0.279661 0.109155 0.129944
0 0.732394 0.449153 0.035211 0.028249
0 0.769366 0.522599 0.059859 0.073446
0 0.728873 0.655367 0.084507 0.079096
0 0.656690 0.745763 0.066901 0.135593
0 0.526408 0.692090 0.024648 0.050847
0 0.566901 0.740113 0.035211 0.079096
0 0.786972 0.762712 0.038732 0.079096
0 0.829225 0.844633 0.045775 0.096045
