0 0.381919 0.475806 0.040590 0.080645
0 0.291513 0.411290 0.051661 0.080645
0 0.346863 0.551075 0.044280 0.059140
0 0.568266 0.497312 0.044280 0.059140
0 0.761993 0.365591 0.070111 0.204301
0 0.608856 0.341398 0.044280 0.059140
0 0.470480 0.438172 0.025830 0.048387
0 0.084871 0.669355 0.066421 0.102151
0 0.033210 0.314516 0.059041 0.069892
0 0.167897 0.282258 0.055351 0.048387
0 0.177122 0.212366 0.044280 0.048387
0 0.226937 0.077957 0.055351 0.145161
0 0.540590 0.059140 0.047970 0.064516
0 0.660517 0.161290 0.073801 0.193548
0 0.922509 0.131720 0.051661 0.091398
0 0.863469 0.470430 0.029520 0.048387
0 0.612546 0.701613 0.051661 0.091398
0 0.533210 0.795699 0.047970 0.043011
0 0.391144 0.809140 0.029520 0.059140
0 0.206642 0.876344 0.073801 0.075269
0 0.795203 0.685484 0.055351 0.069892
0 0.859779 0.844086 0.066421 0.064516
