0 0.446429 0.192073 0.048701 0.067073
0 0.478896 0.064024 0.035714 0.067073
0 0.508117 0.112805 0.029221 0.054878
0 0.644481 0.112805 0.055195 0.115854
0 0.761364 0.176829 0.061688 0.134146
0 0.647727 0.277439 0.029221 0.054878
0 0.490260 0.341463 0.058442 0.109756
0 0.378247 0.454268 0.029221 0.054878
0 0.308442 0.375000 0.038961 0.054878
0 0.310065 0.231707 0.029221 0.073171
0 0.451299 0.536585 0.038961 0.073171
0 0.373377 0.588415 0.051948 0.054878
0 0.261364 0.692073 0.055195 0.067073
0 0.584416 0.393293 0.045455 0.103659
0 0.681818 0.368902 0.051948 0.128049
0 0.633117 0.493902 0.051948 0.134146
0 0.587662 0.603659 0.051948 0.085366
0 0.525974 0.698171 0.032468 0.067073
0 0.415584 0.719512 0.045455 0.073171
0 0.376623 0.685976 0.038961 0.054878
0 0.353896 0.759146 0.032468 0.079268
0 0.384740 0.771341 0.029221 0.054878
0 0.443182 0.832317 0.042208 0.067073
0 0.332792 0.850610 0.055195 0.091463
0 0.245130 0.917683 0.074675 0.140244
0 0.517857 0.920732 0.074675 0.121951
0 0.517857 0.774390 0.068182 0.073171
0 0.602273 0.740854 0.042208 0.103659
0 0.685065 0.652439 0.038961 0.048780
0 0.652597 0.716463 0.025974 0.042683
0 0.668831 0.832317 0.064935 0.115854
0 0.732143 0.716463 0.042208 0.164634
0 0.732143 0.420732 0.035714 0.134146
0 0.821429 0.335366 0.038961 0.097561
0 0.922078 0.207317 0.032468 0.085366
0 0.948052 0.152439 0.025974 0.048780
0 0.965909 0.228659 0.022727 0.067073
0 0.993506 0.219512 0.012987 0.073171
0 0.983766 0.387195 0.032468 0.128049
0 0.944805 0.390244 0.025974 0.085366
0 0.907468 0.402439 0.042208 0.146341
0 0.829545 0.500000 0.120130 0.146341
0 0.951299 0.536585 0.097403 0.097561
0 0.852273 0.631098 0.159091 0.103659
0 0.892857 0.762195 0.168831 0.121951
0 0.868506 0.914634 0.146104 0.170732
