0 0.093897 0.223629 0.056338 0.025316
0 0.204225 0.217300 0.032864 0.046414
0 0.269953 0.179325 0.061033 0.046414
0 0.347418 0.177215 0.056338 0.059072
0 0.429577 0.084388 0.061033 0.059072
0 0.511737 0.265823 0.112676 0.092827
0 0.753521 0.223629 0.061033 0.050633
0 0.638498 0.147679 0.056338 0.059072
0 0.561033 0.135021 0.070423 0.075949
0 0.884977 0.308017 0.061033 0.050633
0 0.809859 0.371308 0.070423 0.059072
0 0.659624 0.428270 0.061033 0.080169
0 0.450704 0.493671 0.075117 0.050633
0 0.356808 0.487342 0.065728 0.063291
0 0.225352 0.654008 0.056338 0.084388
0 0.568075 0.603376 0.093897 0.067511
0 0.429577 0.672996 0.098592 0.130802
0 0.758216 0.578059 0.079812 0.084388
0 0.868545 0.518987 0.084507 0.118143
