0 0.068562 0.437500 0.030100 0.041667
0 0.117057 0.696429 0.040134 0.071429
0 0.259197 0.630952 0.050167 0.071429
0 0.255853 0.488095 0.036789 0.071429
0 0.297659 0.455357 0.033445 0.065476
0 0.367893 0.470238 0.033445 0.047619
0 0.346154 0.366071 0.043478 0.077381
0 0.247492 0.172619 0.040134 0.059524
0 0.356187 0.520833 0.023411 0.029762
0 0.444816 0.535714 0.033445 0.071429
0 0.469900 0.449405 0.030100 0.053571
0 0.464883 0.345238 0.026756 0.047619
0 0.628763 0.386905 0.046823 0.071429
0 0.675585 0.523810 0.033445 0.047619
0 0.590301 0.279762 0.023411 0.035714
0 0.663880 0.300595 0.030100 0.053571
0 0.707358 0.410714 0.036789 0.059524
