0 0.280037 0.198052 0.034196 0.031540
0 0.228974 0.149119 0.035582 0.030148
0 0.457486 0.147263 0.025878 0.037570
0 0.509473 0.219156 0.029113 0.038497
0 0.438078 0.421382 0.024030 0.033859
0 0.344732 0.349026 0.045287 0.037570
0 0.340804 0.518321 0.054991 0.044063
0 0.554067 0.543831 0.045287 0.047774
0 0.632163 0.532468 0.031423 0.038033
0 0.324168 0.621985 0.025416 0.026902
0 0.295749 0.691095 0.026802 0.044527
0 0.685767 0.688544 0.039741 0.043135
0 0.428373 0.834879 0.027726 0.045455
0 0.343577 0.984462 0.036506 0.031076
0 0.523105 0.897959 0.019409 0.026902
0 0.612754 0.948284 0.054529 0.041280
0 0.591266 0.101577 0.035582 0.032468
0 0.380545 0.073052 0.029113 0.024583
0 0.318854 0.075835 0.032348 0.036642
0 0.658503 0.165121 0.025878 0.032468
