0 0.320000 0.366120 0.050909 0.065574
0 0.249091 0.489071 0.032727 0.081967
0 0.398182 0.530055 0.025455 0.043716
0 0.421818 0.502732 0.021818 0.043716
0 0.512727 0.355191 0.036364 0.065574
0 0.196364 0.688525 0.029091 0.043716
0 0.440000 0.803279 0.029091 0.054645
0 0.485455 0.868852 0.047273 0.054645
0 0.343636 0.789617 0.032727 0.049180
0 0.627273 0.754098 0.025455 0.032787
0 0.645455 0.721311 0.025455 0.032787
0 0.650909 0.565574 0.029091 0.049180
0 0.658182 0.450820 0.029091 0.038251
0 0.570909 0.338798 0.029091 0.043716
