0 0.196269 0.637600 0.073134 0.081600
0 0.567164 0.628000 0.089552 0.068800
0 0.610448 0.576000 0.050746 0.051200
0 0.843284 0.675200 0.101493 0.086400
0 0.711940 0.880800 0.104478 0.075200
0 0.348507 0.856800 0.070149 0.056000
0 0.125373 0.136000 0.083582 0.089600
0 0.185821 0.144000 0.046269 0.051200
0 0.229104 0.075200 0.046269 0.057600
0 0.176119 0.060000 0.044776 0.049600
0 0.376866 0.108800 0.055224 0.038400
0 0.141045 0.377600 0.052239 0.041600
0 0.477612 0.296800 0.056716 0.059200
0 0.562687 0.332800 0.059701 0.060800
0 0.818657 0.424000 0.094030 0.089600
0 0.802239 0.175200 0.070149 0.094400
0 0.661194 0.200000 0.089552 0.064000
0 0.859701 0.194400 0.044776 0.040000
0 0.916418 0.533600 0.071642 0.072000
