0 0.356648 0.517241 0.018006 0.029557
0 0.268698 0.626847 0.019391 0.027094
0 0.353186 0.635468 0.019391 0.029557
0 0.389889 0.636700 0.029086 0.032020
0 0.502770 0.597291 0.013850 0.027094
0 0.447368 0.578818 0.016620 0.029557
0 0.450831 0.445813 0.015235 0.034483
0 0.416205 0.450739 0.015235 0.034483
0 0.542244 0.444581 0.020776 0.027094
0 0.494460 0.502463 0.024931 0.029557
0 0.554709 0.403941 0.009695 0.019704
0 0.551939 0.365764 0.012465 0.017241
0 0.516620 0.343596 0.013850 0.022167
0 0.474377 0.401478 0.031856 0.039409
0 0.415512 0.578818 0.008310 0.019704
0 0.458449 0.533251 0.013850 0.022167
0 0.377424 0.541872 0.015235 0.034483
0 0.489612 0.546798 0.018006 0.034483
0 0.575485 0.596059 0.012465 0.029557
0 0.551939 0.694581 0.015235 0.024631
0 0.522853 0.497537 0.029086 0.044335
0 0.394044 0.443350 0.015235 0.029557
0 0.301939 0.583744 0.022161 0.034483
0 0.394737 0.721675 0.016620 0.029557
0 0.443906 0.655172 0.018006 0.029557
0 0.416898 0.756158 0.022161 0.034483
